(U2,0,0),tprog=0.0002,Gprog, 1.00925e-06, 9.1425e-07, 8.245e-07, 7.43e-07, 6.795e-07, 6.095e-07, 5.595e-07, 4.928e-07, 4.535e-07, 4.05275e-07, 3.693e-07, 3.311e-07, 3.01175e-07, 2.6465e-07, 2.40775e-07, 2.19425e-07, 1.96925e-07, 1.7755e-07, 1.5715e-07, 1.44075e-07, 1.29225e-07, 1.16425e-07, 1.046e-07, 9.63e-08, 8.5025e-08, 7.7775e-08, 7.08e-08, 6.4025e-08, 5.8e-08, 5.2875e-08, 4.685e-08, 4.17725e-08, 3.688e-08, 3.25525e-08, 2.8795e-08, 2.643e-08, 2.34475e-08, 2.05425e-08, 1.80925e-08, 1.604e-08, 1.40675e-08, 1.2455e-08, 1.09325e-08, 1.01225e-08, 9.025e-09, 7.8e-09, 7.1775e-09, 6.3075e-09, 5.7e-09, 5.0475e-09, 4.46275e-09, 3.913e-09, 3.36325e-09, 3.079e-09, 2.74025e-09, 2.4425e-09, 2.208e-09, 1.99175e-09, 1.8365e-09, 1.647e-09, 1.451e-09, 1.34125e-09, 1.1935e-09, 1.112e-09, 1.06775e-09, 9.15e-10
(U2,0,0),terase=0.0001,Gerase, 9.0175e-10, 2.017e-09, 3.91925e-09, 8.1725e-09, 1.3375e-08, 2.17875e-08, 3.28875e-08, 4.65425e-08, 6.045e-08, 7.8175e-08, 1.05e-07, 1.31825e-07, 1.58175e-07, 1.80075e-07, 2.167e-07, 2.464e-07, 2.76525e-07, 3.14775e-07, 3.5315e-07, 3.8965e-07, 4.24075e-07, 4.6695e-07, 5.1125e-07, 5.5325e-07, 6.0075e-07, 6.3975e-07, 6.9025e-07, 7.3225e-07, 7.6975e-07, 8.2425e-07, 8.7075e-07, 9.2125e-07, 9.725e-07, 1.03e-06
(U2,0,1),tprog=0.0002,Gprog, 1.02575e-06, 8.455e-07, 6.8175e-07, 5.585e-07, 4.58525e-07, 3.763e-07, 3.0525e-07, 2.51725e-07, 2.0495e-07, 1.649e-07, 1.353e-07, 1.08575e-07, 8.4625e-08, 6.59e-08, 5.2675e-08, 4.08375e-08, 3.18925e-08, 2.43425e-08, 1.91825e-08, 1.44225e-08, 1.13075e-08, 8.7625e-09, 6.735e-09, 5.12e-09, 3.797e-09, 2.92525e-09, 2.19425e-09, 1.77325e-09, 1.396e-09, 1.081e-09, 8.845e-10
(U2,0,1),terase=0.0001,Gerase, 8.46e-10, 2.6655e-09, 6.2e-09, 1.20725e-08, 2.206e-08, 3.34975e-08, 4.89525e-08, 6.6675e-08, 8.8225e-08, 1.1145e-07, 1.4085e-07, 1.7085e-07, 2.022e-07, 2.3845e-07, 2.8005e-07, 3.12975e-07, 3.55175e-07, 3.948e-07, 4.441e-07, 5.02e-07, 5.475e-07, 5.9725e-07, 6.4925e-07, 6.9425e-07, 7.6075e-07, 8.21e-07, 8.8025e-07, 9.4075e-07, 9.985e-07, 1.04275e-06
(U2,0,2),tprog=0.0002,Gprog, 1.062e-06, 9.345e-07, 8.185e-07, 7.19e-07, 6.265e-07, 5.4025e-07, 4.685e-07, 4.137e-07, 3.68425e-07, 3.20675e-07, 2.8145e-07, 2.40825e-07, 2.10075e-07, 1.80775e-07, 1.5395e-07, 1.30425e-07, 1.14425e-07, 9.8425e-08, 8.325e-08, 7.08e-08, 6.005e-08, 4.98025e-08, 4.14425e-08, 3.442e-08, 2.95125e-08, 2.46625e-08, 2.1285e-08, 1.8225e-08, 1.53975e-08, 1.28525e-08, 1.09775e-08, 9.3075e-09, 7.8025e-09, 6.5925e-09, 5.4125e-09, 4.51e-09, 3.83875e-09, 3.3425e-09, 2.75975e-09, 2.327e-09, 1.9515e-09, 1.616e-09, 1.3595e-09, 1.173e-09, 1.027e-09, 9.08e-10
(U2,0,2),terase=0.0001,Gerase, 9.0075e-10, 3.26375e-09, 8.6225e-09, 1.809e-08, 3.348e-08, 5.5375e-08, 8.8e-08, 1.34075e-07, 1.767e-07, 2.23875e-07, 2.735e-07, 3.26225e-07, 3.83125e-07, 4.5505e-07, 5.155e-07, 5.8e-07, 6.6375e-07, 7.5225e-07, 8.4175e-07, 9.11e-07, 9.8925e-07, 1.0835e-06
(U2,0,3),tprog=0.0002,Gprog, 1.04975e-06, 7.5675e-07, 5.6e-07, 4.16175e-07, 3.16575e-07, 2.33675e-07, 1.74325e-07, 1.313e-07, 9.555e-08, 7.195e-08, 5.54e-08, 4.2105e-08, 3.1115e-08, 2.22325e-08, 1.67425e-08, 1.201e-08, 9.0725e-09, 6.3675e-09, 4.578e-09, 3.32725e-09, 2.47075e-09, 1.82825e-09, 1.37525e-09, 9.775e-10
(U2,0,3),terase=0.0001,Gerase, 9.425e-10, 3.18525e-09, 8.23e-09, 1.577e-08, 2.669e-08, 3.952e-08, 5.6875e-08, 7.79e-08, 1.011e-07, 1.30525e-07, 1.64975e-07, 2.0435e-07, 2.48525e-07, 2.843e-07, 3.24575e-07, 3.72125e-07, 4.259e-07, 4.76025e-07, 5.285e-07, 5.82e-07, 6.39e-07, 6.8225e-07, 7.4775e-07, 7.93e-07, 8.4675e-07, 9.1675e-07, 9.77e-07, 1.0415e-06
(U2,0,4),tprog=0.0002,Gprog, 1.054e-06, 8.72e-07, 7.35e-07, 6.2275e-07, 5.2675e-07, 4.47775e-07, 3.8565e-07, 3.25875e-07, 2.72875e-07, 2.31725e-07, 1.9585e-07, 1.68975e-07, 1.42925e-07, 1.2535e-07, 1.00975e-07, 8.1425e-08, 6.94e-08, 5.88e-08, 4.86225e-08, 3.97225e-08, 3.5835e-08, 2.85925e-08, 2.437e-08, 1.96925e-08, 1.563e-08, 1.33825e-08, 1.0645e-08, 8.6975e-09, 7.2475e-09, 5.8625e-09, 4.7875e-09, 3.8835e-09, 3.3005e-09, 2.652e-09, 2.239e-09, 1.935e-09, 1.58475e-09, 1.318e-09, 1.074e-09, 8.8525e-10
(U2,0,4),terase=0.0001,Gerase, 8.8925e-10, 4.2015e-09, 1.15075e-08, 2.531e-08, 4.478e-08, 6.9575e-08, 1.02275e-07, 1.3425e-07, 1.716e-07, 2.08475e-07, 2.50475e-07, 2.98125e-07, 3.48075e-07, 4.02e-07, 4.54975e-07, 5.0775e-07, 5.64e-07, 6.2225e-07, 6.84e-07, 7.495e-07, 8.1075e-07, 8.695e-07, 9.3225e-07, 9.98e-07, 1.06875e-06
(U2,0,5),tprog=0.0002,Gprog, 1.0325e-06, 8.34e-07, 6.9325e-07, 5.75e-07, 4.59725e-07, 3.715e-07, 3.06975e-07, 2.4865e-07, 2.0305e-07, 1.6525e-07, 1.326e-07, 1.0765e-07, 8.43e-08, 6.49e-08, 5.0625e-08, 3.943e-08, 3.06575e-08, 2.42025e-08, 1.876e-08, 1.52425e-08, 1.1735e-08, 9.305e-09, 6.8175e-09, 5.29e-09, 4.081e-09, 3.231e-09, 2.50475e-09, 1.898e-09, 1.50625e-09, 1.15175e-09, 9.79e-10
(U2,0,5),terase=0.0001,Gerase, 9.3325e-10, 4.50325e-09, 1.2025e-08, 2.56775e-08, 4.6145e-08, 7.1975e-08, 1.042e-07, 1.373e-07, 1.80575e-07, 2.3505e-07, 2.85625e-07, 3.4545e-07, 4.02175e-07, 4.69725e-07, 5.42e-07, 6.0275e-07, 6.6525e-07, 7.4475e-07, 8.1475e-07, 8.845e-07, 9.555e-07, 1.022e-06
(U2,0,6),tprog=0.0002,Gprog, 1.022e-06, 8.38e-07, 6.9325e-07, 5.76e-07, 4.864e-07, 4.08275e-07, 3.33525e-07, 2.72975e-07, 2.2345e-07, 1.831e-07, 1.54675e-07, 1.27825e-07, 1.0205e-07, 8.395e-08, 6.77e-08, 5.445e-08, 4.27925e-08, 3.4375e-08, 2.73725e-08, 2.15975e-08, 1.62175e-08, 1.26625e-08, 1.02225e-08, 8.4875e-09, 6.8925e-09, 5.515e-09, 4.38525e-09, 3.605e-09, 2.86075e-09, 2.26375e-09, 1.86875e-09, 1.5185e-09, 1.23625e-09, 9.67e-10
(U2,0,6),terase=0.0001,Gerase, 9.3975e-10, 4.46e-09, 1.26325e-08, 2.92525e-08, 5.47e-08, 8.5275e-08, 1.29675e-07, 1.77125e-07, 2.2915e-07, 2.8495e-07, 3.53325e-07, 4.154e-07, 4.7435e-07, 5.6725e-07, 6.5125e-07, 7.225e-07, 7.995e-07, 8.82e-07, 9.6275e-07, 1.0315e-06
(U2,0,7),tprog=0.0002,Gprog, 1.012e-06, 8.5275e-07, 7.1225e-07, 5.9375e-07, 5.04e-07, 4.26175e-07, 3.6485e-07, 3.1335e-07, 2.67125e-07, 2.2495e-07, 1.92075e-07, 1.573e-07, 1.312e-07, 1.0985e-07, 9.3575e-08, 7.8275e-08, 6.54e-08, 5.4825e-08, 4.64525e-08, 3.841e-08, 3.20225e-08, 2.65775e-08, 2.16825e-08, 1.75175e-08, 1.426e-08, 1.17275e-08, 9.2825e-09, 7.6475e-09, 6.0925e-09, 4.9675e-09, 3.75675e-09, 2.994e-09, 2.472e-09, 1.9905e-09, 1.6135e-09, 1.351e-09, 1.141e-09, 9.2025e-10
(U2,0,7),terase=0.0001,Gerase, 9.045e-10, 5.9475e-09, 2.11275e-08, 4.819e-08, 8.8225e-08, 1.347e-07, 1.87025e-07, 2.511e-07, 3.092e-07, 3.718e-07, 4.482e-07, 5.1825e-07, 6.0225e-07, 6.76e-07, 7.6275e-07, 8.6175e-07, 9.4925e-07, 1.04225e-06
(U2,0,8),tprog=0.0002,Gprog, 1.06375e-06, 8.7875e-07, 7.38e-07, 6.4275e-07, 5.49e-07, 4.64975e-07, 3.986e-07, 3.42275e-07, 2.93425e-07, 2.4755e-07, 2.0515e-07, 1.7295e-07, 1.46375e-07, 1.22525e-07, 1.013e-07, 8.315e-08, 7.12e-08, 6.0075e-08, 4.921e-08, 4.114e-08, 3.47e-08, 2.87775e-08, 2.45275e-08, 2.00775e-08, 1.69625e-08, 1.366e-08, 1.10975e-08, 9.4575e-09, 7.8e-09, 6.225e-09, 5.29e-09, 4.1935e-09, 3.4135e-09, 2.99525e-09, 2.556e-09, 2.13475e-09, 1.8005e-09, 1.56e-09, 1.29325e-09, 1.074e-09, 8.52e-10
(U2,0,8),terase=0.0001,Gerase, 8.42e-10, 3.95975e-09, 1.19725e-08, 2.5565e-08, 4.1925e-08, 6.615e-08, 9.1225e-08, 1.2595e-07, 1.61925e-07, 1.981e-07, 2.44775e-07, 2.91e-07, 3.31e-07, 3.76775e-07, 4.28175e-07, 4.829e-07, 5.4375e-07, 5.98e-07, 6.515e-07, 7.0225e-07, 7.75e-07, 8.37e-07, 8.9975e-07, 9.725e-07, 1.04475e-06
(U2,0,9),tprog=0.0002,Gprog, 1.0805e-06, 9.3875e-07, 8.1875e-07, 7.06e-07, 6.1075e-07, 5.41e-07, 4.8665e-07, 4.27225e-07, 3.71575e-07, 3.3205e-07, 2.961e-07, 2.6105e-07, 2.275e-07, 1.99e-07, 1.78525e-07, 1.59525e-07, 1.3895e-07, 1.1905e-07, 1.03075e-07, 9.0525e-08, 7.94e-08, 6.885e-08, 5.96e-08, 5.1225e-08, 4.3745e-08, 3.76375e-08, 3.1755e-08, 2.64525e-08, 2.25975e-08, 1.93025e-08, 1.59325e-08, 1.38625e-08, 1.1775e-08, 1.01375e-08, 8.4975e-09, 7.355e-09, 6.0975e-09, 5.2475e-09, 4.44675e-09, 3.7455e-09, 3.2095e-09, 2.7205e-09, 2.28225e-09, 2.00675e-09, 1.7355e-09, 1.49725e-09, 1.25575e-09, 1.1295e-09, 1.003e-09, 8.445e-10
(U2,0,9),terase=0.0001,Gerase, 8.3325e-10, 3.1245e-09, 7.485e-09, 1.452e-08, 2.44e-08, 3.74875e-08, 5.25e-08, 7.04e-08, 9.4725e-08, 1.20975e-07, 1.44925e-07, 1.73675e-07, 2.0595e-07, 2.358e-07, 2.6785e-07, 3.078e-07, 3.466e-07, 3.70925e-07, 4.1225e-07, 4.59475e-07, 4.79675e-07, 5.32e-07, 5.7025e-07, 6.145e-07, 6.625e-07, 7.005e-07, 7.44e-07, 7.8375e-07, 8.3125e-07, 8.635e-07, 9.165e-07, 9.62e-07, 9.955e-07, 1.0445e-06
(U2,0,10),tprog=0.0002,Gprog, 1.056e-06, 9.0825e-07, 7.825e-07, 6.8575e-07, 6.1e-07, 5.325e-07, 4.6085e-07, 4.09825e-07, 3.594e-07, 3.158e-07, 2.723e-07, 2.359e-07, 2.11525e-07, 1.814e-07, 1.5835e-07, 1.418e-07, 1.20125e-07, 1.09775e-07, 8.945e-08, 7.925e-08, 7.0575e-08, 6.0175e-08, 5.5125e-08, 4.6475e-08, 4.05825e-08, 3.66625e-08, 3.05475e-08, 2.72575e-08, 2.146e-08, 2.0255e-08, 1.59625e-08, 1.41275e-08, 1.29225e-08, 1.08025e-08, 9.215e-09, 7.88e-09, 6.685e-09, 5.8275e-09, 5.05e-09, 4.35425e-09, 3.686e-09, 3.10175e-09, 2.6055e-09, 2.232e-09, 1.934e-09, 1.61675e-09, 1.33125e-09, 1.18025e-09, 1.02675e-09, 9.3025e-10
(U2,0,10),terase=0.0001,Gerase, 9.08e-10, 3.523e-09, 8.9425e-09, 1.78225e-08, 3.15375e-08, 4.4795e-08, 6.6775e-08, 9.0175e-08, 1.15375e-07, 1.46425e-07, 1.893e-07, 2.26075e-07, 2.7505e-07, 3.32775e-07, 3.91875e-07, 4.4585e-07, 4.952e-07, 5.6425e-07, 6.245e-07, 6.865e-07, 7.4575e-07, 8.1175e-07, 8.71e-07, 9.395e-07, 1.025e-06
(U2,0,11),tprog=0.0002,Gprog, 1.0545e-06, 8.3575e-07, 6.76e-07, 5.475e-07, 4.456e-07, 3.7185e-07, 2.979e-07, 2.45275e-07, 2.04975e-07, 1.68775e-07, 1.3745e-07, 1.13575e-07, 9.12e-08, 7.4875e-08, 5.93e-08, 4.9405e-08, 3.94425e-08, 3.1165e-08, 2.4725e-08, 1.99025e-08, 1.59175e-08, 1.25575e-08, 1e-08, 7.7325e-09, 6.0975e-09, 4.709e-09, 3.56325e-09, 2.78225e-09, 2.26725e-09, 1.751e-09, 1.44725e-09, 1.11975e-09, 9.2025e-10
(U2,0,11),terase=0.0001,Gerase, 8.825e-10, 3.53325e-09, 8.7375e-09, 1.77775e-08, 2.85175e-08, 4.42425e-08, 6.2775e-08, 8.77e-08, 1.117e-07, 1.41475e-07, 1.69825e-07, 2.02175e-07, 2.36e-07, 2.67075e-07, 3.0555e-07, 3.50775e-07, 3.9135e-07, 4.3645e-07, 4.86975e-07, 5.36e-07, 5.855e-07, 6.365e-07, 6.9075e-07, 7.4025e-07, 7.925e-07, 8.4475e-07, 8.9825e-07, 9.52e-07, 1.003e-06
(U2,1,0),tprog=0.0002,Gprog, 1.05625e-06, 8.77e-07, 7.35e-07, 6.2775e-07, 5.2425e-07, 4.3835e-07, 3.62625e-07, 3.062e-07, 2.565e-07, 2.14675e-07, 1.79975e-07, 1.50075e-07, 1.25375e-07, 1.05325e-07, 8.715e-08, 6.98e-08, 5.5975e-08, 4.57575e-08, 3.77825e-08, 2.9185e-08, 2.3345e-08, 1.853e-08, 1.3935e-08, 1.11775e-08, 8.8775e-09, 6.9525e-09, 5.5775e-09, 4.414e-09, 3.523e-09, 2.829e-09, 2.183e-09, 1.7105e-09, 1.4145e-09, 1.1665e-09, 9.525e-10
(U2,1,0),terase=0.0001,Gerase, 9.2575e-10, 3.88575e-09, 1.22075e-08, 2.494e-08, 4.5575e-08, 6.815e-08, 9.6875e-08, 1.26225e-07, 1.61925e-07, 2.0495e-07, 2.489e-07, 2.90475e-07, 3.46475e-07, 3.9765e-07, 4.5425e-07, 5.08e-07, 5.5275e-07, 6.04e-07, 6.675e-07, 7.33e-07, 7.815e-07, 8.395e-07, 8.8925e-07, 9.4325e-07, 9.8925e-07, 1.05325e-06
(U2,1,1),tprog=0.0002,Gprog, 1.0205e-06, 8.77e-07, 7.7375e-07, 6.84e-07, 5.9375e-07, 5.1425e-07, 4.43875e-07, 3.9105e-07, 3.45e-07, 2.95875e-07, 2.58775e-07, 2.27475e-07, 2.02125e-07, 1.76325e-07, 1.54975e-07, 1.334e-07, 1.16075e-07, 9.9775e-08, 8.69e-08, 7.57e-08, 6.5075e-08, 5.5775e-08, 4.75925e-08, 4.023e-08, 3.44175e-08, 3.01425e-08, 2.59125e-08, 2.152e-08, 1.837e-08, 1.48175e-08, 1.24925e-08, 1.051e-08, 8.7425e-09, 7.2375e-09, 6.3e-09, 5.1725e-09, 4.2135e-09, 3.655e-09, 3.08675e-09, 2.619e-09, 2.246e-09, 1.84625e-09, 1.548e-09, 1.293e-09, 1.13925e-09, 9.6925e-10
(U2,1,1),terase=0.0001,Gerase, 9.5425e-10, 4.16725e-09, 1.2125e-08, 2.48075e-08, 4.1055e-08, 6.1475e-08, 8.81e-08, 1.177e-07, 1.488e-07, 1.87525e-07, 2.29675e-07, 2.66725e-07, 3.10175e-07, 3.5135e-07, 3.98575e-07, 4.471e-07, 4.9515e-07, 5.5375e-07, 5.9625e-07, 6.47e-07, 6.96e-07, 7.4125e-07, 8.015e-07, 8.6425e-07, 9.3125e-07, 9.9025e-07, 1.0575e-06
(U2,1,2),tprog=0.0002,Gprog, 1.05975e-06, 8.6025e-07, 7.205e-07, 5.97e-07, 5.08e-07, 4.26675e-07, 3.6215e-07, 2.99125e-07, 2.44125e-07, 1.95975e-07, 1.61125e-07, 1.359e-07, 1.1165e-07, 8.82e-08, 7.1775e-08, 5.755e-08, 4.56875e-08, 3.66675e-08, 2.797e-08, 2.19175e-08, 1.66275e-08, 1.31425e-08, 1.02825e-08, 7.7025e-09, 5.975e-09, 4.5105e-09, 3.5175e-09, 2.896e-09, 2.17825e-09, 1.76125e-09, 1.3945e-09, 1.1365e-09, 9.3675e-10
(U2,1,2),terase=0.0001,Gerase, 9.27e-10, 4.54925e-09, 1.34e-08, 2.922e-08, 5.1475e-08, 8.2275e-08, 1.154e-07, 1.61025e-07, 2.0485e-07, 2.57525e-07, 3.01725e-07, 3.57375e-07, 4.321e-07, 4.86175e-07, 5.6025e-07, 6.225e-07, 6.9675e-07, 7.6175e-07, 8.42e-07, 9.265e-07, 9.965e-07, 1.08275e-06
(U2,1,3),tprog=0.0002,Gprog, 1.047e-06, 8.72e-07, 7.62e-07, 6.7425e-07, 5.94e-07, 5.17e-07, 4.46475e-07, 3.9805e-07, 3.491e-07, 3.0475e-07, 2.6795e-07, 2.32725e-07, 2.023e-07, 1.78475e-07, 1.589e-07, 1.359e-07, 1.20025e-07, 1.07875e-07, 9.47e-08, 8.305e-08, 7.155e-08, 6.095e-08, 5.27e-08, 4.6215e-08, 4.06125e-08, 3.466e-08, 2.9585e-08, 2.53875e-08, 2.13975e-08, 1.868e-08, 1.607e-08, 1.385e-08, 1.267e-08, 1.0585e-08, 8.995e-09, 7.52e-09, 6.3925e-09, 5.5025e-09, 4.83025e-09, 4.16675e-09, 3.519e-09, 3.0665e-09, 2.851e-09, 2.3345e-09, 1.975e-09, 1.749e-09, 1.457e-09, 1.3025e-09, 1.1215e-09, 1.00525e-09, 9.375e-10
(U2,1,3),terase=0.0001,Gerase, 8.6525e-10, 4.2295e-09, 1.1355e-08, 2.30425e-08, 3.86175e-08, 5.88e-08, 8.8375e-08, 1.16725e-07, 1.4345e-07, 1.8285e-07, 2.18775e-07, 2.6435e-07, 3.1955e-07, 3.81475e-07, 4.35425e-07, 5.07e-07, 5.6425e-07, 6.2775e-07, 6.8925e-07, 7.4575e-07, 8.25e-07, 8.875e-07, 9.6275e-07, 1.01875e-06
(U2,1,4),tprog=0.0002,Gprog, 1.01925e-06, 7.9275e-07, 6.3525e-07, 5.1225e-07, 4.17775e-07, 3.271e-07, 2.69475e-07, 2.12975e-07, 1.713e-07, 1.32425e-07, 1.04875e-07, 8.56e-08, 6.7625e-08, 5.07e-08, 4.00125e-08, 3.04175e-08, 2.379e-08, 1.908e-08, 1.42425e-08, 1.1e-08, 8.1725e-09, 6.32e-09, 4.7585e-09, 3.696e-09, 2.84875e-09, 2.15175e-09, 1.5965e-09, 1.23775e-09, 9.605e-10
(U2,1,4),terase=0.0001,Gerase, 9.425e-10, 4.0965e-09, 1.11675e-08, 2.4635e-08, 4.57425e-08, 7.3375e-08, 1.06925e-07, 1.49775e-07, 1.9325e-07, 2.43375e-07, 3.075e-07, 3.728e-07, 4.389e-07, 4.95875e-07, 5.68e-07, 6.4325e-07, 7.12e-07, 7.8125e-07, 8.705e-07, 9.5525e-07, 1.049e-06
(U2,1,5),tprog=0.0002,Gprog, 1.0495e-06, 8.5e-07, 6.9775e-07, 5.6575e-07, 4.729e-07, 3.892e-07, 3.18225e-07, 2.617e-07, 2.165e-07, 1.82075e-07, 1.487e-07, 1.216e-07, 9.8875e-08, 7.9375e-08, 6.3475e-08, 5.0475e-08, 3.91175e-08, 3.08125e-08, 2.43925e-08, 1.9195e-08, 1.4845e-08, 1.19675e-08, 9.2075e-09, 7.305e-09, 5.8525e-09, 4.7495e-09, 3.695e-09, 2.9105e-09, 2.33525e-09, 1.84725e-09, 1.45325e-09, 1.179e-09, 9.8775e-10
(U2,1,5),terase=0.0001,Gerase, 9.715e-10, 3.58025e-09, 9.45e-09, 1.83775e-08, 3.35025e-08, 5.2275e-08, 7.63e-08, 1.0855e-07, 1.4055e-07, 1.78775e-07, 2.23325e-07, 2.72675e-07, 3.19e-07, 3.654e-07, 4.19125e-07, 4.7045e-07, 5.275e-07, 5.88e-07, 6.515e-07, 7.0525e-07, 7.6525e-07, 8.37e-07, 8.9725e-07, 9.675e-07, 1.019e-06
(U2,1,6),tprog=0.0002,Gprog, 1.09575e-06, 8.93e-07, 7.315e-07, 6.135e-07, 4.92375e-07, 3.856e-07, 3.0995e-07, 2.53225e-07, 2.116e-07, 1.6925e-07, 1.41175e-07, 1.131e-07, 9.15e-08, 7.43e-08, 6.025e-08, 4.6685e-08, 3.93425e-08, 2.963e-08, 2.37825e-08, 1.8945e-08, 1.53475e-08, 1.25975e-08, 1.056e-08, 8.235e-09, 7.145e-09, 6.1225e-09, 5.175e-09, 4.20075e-09, 3.76825e-09, 3.26375e-09, 2.5235e-09, 2.1535e-09, 1.7645e-09, 1.4935e-09, 1.28925e-09, 1.0415e-09, 8.3725e-10
(U2,1,6),terase=0.0001,Gerase, 8.545e-10, 5e-09, 1.40075e-08, 3.302e-08, 6.0775e-08, 1.0275e-07, 1.51025e-07, 2.08975e-07, 2.9035e-07, 3.653e-07, 4.37225e-07, 5.2e-07, 6.1525e-07, 7.0175e-07, 7.92e-07, 8.815e-07, 9.985e-07, 1.098e-06
(U2,1,7),tprog=0.0002,Gprog, 1.05975e-06, 8.8375e-07, 7.2475e-07, 6.0175e-07, 5.12e-07, 4.3015e-07, 3.54775e-07, 2.97175e-07, 2.48425e-07, 2.04775e-07, 1.723e-07, 1.47525e-07, 1.234e-07, 1.025e-07, 8.435e-08, 6.9625e-08, 5.895e-08, 4.87225e-08, 3.897e-08, 3.2345e-08, 2.67375e-08, 2.16825e-08, 1.72175e-08, 1.4275e-08, 1.14925e-08, 9.0575e-09, 7.55e-09, 6.3875e-09, 5.05e-09, 4.03125e-09, 3.2915e-09, 2.74025e-09, 2.269e-09, 1.82625e-09, 1.54125e-09, 1.2415e-09, 1.03925e-09, 8.8925e-10
(U2,1,7),terase=0.0001,Gerase, 8.655e-10, 2.4525e-09, 5.865e-09, 9.99e-09, 1.758e-08, 2.5995e-08, 3.578e-08, 4.673e-08, 6.205e-08, 7.9475e-08, 1.00225e-07, 1.1915e-07, 1.431e-07, 1.67825e-07, 2.0185e-07, 2.295e-07, 2.6065e-07, 2.98625e-07, 3.35125e-07, 3.66625e-07, 4.02825e-07, 4.463e-07, 4.86725e-07, 5.2375e-07, 5.7025e-07, 6.1275e-07, 6.46e-07, 6.915e-07, 7.335e-07, 7.7475e-07, 8.14e-07, 8.59e-07, 9.1325e-07, 9.3825e-07, 9.965e-07, 1.03875e-06
(U2,1,8),tprog=0.0002,Gprog, 1.02725e-06, 8.225e-07, 6.7275e-07, 5.4125e-07, 4.30075e-07, 3.5165e-07, 2.947e-07, 2.41475e-07, 1.98325e-07, 1.65625e-07, 1.3415e-07, 1.13975e-07, 9.315e-08, 7.5175e-08, 6.1375e-08, 4.6845e-08, 3.598e-08, 2.91875e-08, 2.207e-08, 1.7635e-08, 1.3715e-08, 1.051e-08, 8.4875e-09, 6.4675e-09, 5.0925e-09, 3.807e-09, 2.99575e-09, 2.55475e-09, 1.95775e-09, 1.5325e-09, 1.14925e-09, 8.91e-10
(U2,1,8),terase=0.0001,Gerase, 8.9225e-10, 2.101e-09, 4.29575e-09, 8.21e-09, 1.2805e-08, 1.99075e-08, 2.78175e-08, 3.71975e-08, 4.845e-08, 6.5025e-08, 8.225e-08, 1.013e-07, 1.1995e-07, 1.3815e-07, 1.58e-07, 1.8175e-07, 2.05125e-07, 2.33825e-07, 2.59975e-07, 2.8425e-07, 3.1015e-07, 3.3855e-07, 3.69475e-07, 3.93375e-07, 4.19725e-07, 4.404e-07, 4.716e-07, 5.02e-07, 5.245e-07, 5.59e-07, 5.885e-07, 6.16e-07, 6.445e-07, 6.745e-07, 7.16e-07, 7.5375e-07, 7.8175e-07, 8.19e-07, 8.61e-07, 8.9825e-07, 9.43e-07, 9.815e-07, 1.02025e-06
(U2,1,9),tprog=0.0002,Gprog, 1.1025e-06, 9.255e-07, 7.835e-07, 6.875e-07, 5.9425e-07, 4.926e-07, 4.12575e-07, 3.58925e-07, 3.0035e-07, 2.61275e-07, 2.20775e-07, 1.84525e-07, 1.61125e-07, 1.3505e-07, 1.15775e-07, 9.6075e-08, 7.9525e-08, 6.8225e-08, 5.6475e-08, 4.8035e-08, 4.0095e-08, 3.36425e-08, 2.7485e-08, 2.2315e-08, 1.852e-08, 1.49825e-08, 1.242e-08, 1.0125e-08, 8.31e-09, 6.91e-09, 5.8225e-09, 4.823e-09, 3.93725e-09, 3.25075e-09, 2.73275e-09, 2.28275e-09, 1.894e-09, 1.55575e-09, 1.33625e-09, 1.0695e-09, 8.855e-10
(U2,1,9),terase=0.0001,Gerase, 8.7575e-10, 3.45475e-09, 8.88e-09, 1.86625e-08, 3.2195e-08, 5.055e-08, 7.57e-08, 1.041e-07, 1.4175e-07, 1.8525e-07, 2.266e-07, 2.8e-07, 3.27325e-07, 3.79125e-07, 4.24875e-07, 4.835e-07, 5.37e-07, 5.9825e-07, 6.64e-07, 7.3425e-07, 8.115e-07, 8.61e-07, 9.235e-07, 9.8975e-07, 1.06475e-06
(U2,1,10),tprog=0.0002,Gprog, 1.02475e-06, 8.3725e-07, 6.9375e-07, 5.7325e-07, 4.86e-07, 4.1665e-07, 3.4645e-07, 2.86e-07, 2.3495e-07, 1.92725e-07, 1.62175e-07, 1.337e-07, 1.11525e-07, 9.045e-08, 7.3475e-08, 5.86e-08, 4.661e-08, 3.59425e-08, 2.89775e-08, 2.261e-08, 1.866e-08, 1.53e-08, 1.1775e-08, 9.18e-09, 7.6775e-09, 6.425e-09, 5.1175e-09, 4.13425e-09, 3.39325e-09, 2.79175e-09, 2.28625e-09, 1.9e-09, 1.5115e-09, 1.3005e-09, 1.04675e-09, 8.875e-10
(U2,1,10),terase=0.0001,Gerase, 8.81e-10, 4.1225e-09, 1.286e-08, 2.737e-08, 4.65725e-08, 7.3975e-08, 1.11925e-07, 1.58625e-07, 2.151e-07, 2.68725e-07, 3.3725e-07, 4.01e-07, 4.6635e-07, 5.57e-07, 6.425e-07, 7.1775e-07, 7.94e-07, 8.7175e-07, 9.535e-07, 1.023e-06
(U2,1,11),tprog=0.0002,Gprog, 1.11075e-06, 9.4725e-07, 8.05e-07, 6.7e-07, 5.8725e-07, 4.92225e-07, 4.23225e-07, 3.617e-07, 2.9835e-07, 2.57175e-07, 2.17825e-07, 1.90125e-07, 1.6665e-07, 1.42125e-07, 1.20025e-07, 9.9725e-08, 8.5775e-08, 7.3e-08, 5.9675e-08, 5.0115e-08, 4.0865e-08, 3.43575e-08, 2.87225e-08, 2.30225e-08, 1.90375e-08, 1.53875e-08, 1.24475e-08, 9.7875e-09, 7.9e-09, 6.3025e-09, 5.11e-09, 4.168e-09, 3.36425e-09, 2.6165e-09, 2.182e-09, 1.78e-09, 1.51275e-09, 1.24025e-09, 1.04625e-09, 8.9425e-10
(U2,1,11),terase=0.0001,Gerase, 8.6275e-10, 5.2525e-09, 1.528e-08, 3.456e-08, 6.295e-08, 9.3925e-08, 1.35825e-07, 1.83425e-07, 2.4295e-07, 3.08075e-07, 3.6615e-07, 4.2735e-07, 4.9475e-07, 5.6325e-07, 6.2025e-07, 7.025e-07, 7.6625e-07, 8.3775e-07, 9.0975e-07, 9.9525e-07, 1.09025e-06
(U2,2,0),tprog=0.0002,Gprog, 1.04025e-06, 8.7075e-07, 7.3925e-07, 6.3975e-07, 5.5275e-07, 4.794e-07, 4.10825e-07, 3.551e-07, 3.08525e-07, 2.60975e-07, 2.2535e-07, 1.94625e-07, 1.64575e-07, 1.42425e-07, 1.2375e-07, 1.0505e-07, 9.0325e-08, 7.545e-08, 6.3475e-08, 5.47e-08, 4.67275e-08, 3.84025e-08, 3.26275e-08, 2.67025e-08, 2.22475e-08, 1.867e-08, 1.558e-08, 1.32225e-08, 1.07925e-08, 9.3875e-09, 7.8e-09, 6.55e-09, 5.3875e-09, 4.32475e-09, 3.653e-09, 3.09075e-09, 2.662e-09, 2.23375e-09, 1.89875e-09, 1.6635e-09, 1.3895e-09, 1.20275e-09, 1.0225e-09, 8.69e-10
(U2,2,0),terase=0.0001,Gerase, 8.52e-10, 3.7065e-09, 9.6425e-09, 2.09325e-08, 3.62725e-08, 5.9575e-08, 9.01e-08, 1.2925e-07, 1.69225e-07, 2.12825e-07, 2.56025e-07, 2.99125e-07, 3.57925e-07, 4.049e-07, 4.749e-07, 5.4225e-07, 6.27e-07, 6.7575e-07, 7.6075e-07, 8.3525e-07, 9.2025e-07, 9.765e-07, 1.05925e-06
(U2,2,1),tprog=0.0002,Gprog, 1.01125e-06, 8.01e-07, 6.435e-07, 5.185e-07, 4.15175e-07, 3.3275e-07, 2.639e-07, 2.14425e-07, 1.697e-07, 1.342e-07, 1.01375e-07, 7.6025e-08, 5.81e-08, 4.5205e-08, 3.48825e-08, 2.72025e-08, 2.0595e-08, 1.53025e-08, 1.132e-08, 8.57e-09, 6.4425e-09, 4.8335e-09, 3.706e-09, 2.8375e-09, 2.1445e-09, 1.6335e-09, 1.2225e-09, 9.445e-10
(U2,2,1),terase=0.0001,Gerase, 9.2975e-10, 3.253e-09, 8.17e-09, 1.75e-08, 3.38e-08, 5.41e-08, 7.975e-08, 1.078e-07, 1.5065e-07, 1.92475e-07, 2.366e-07, 2.9105e-07, 3.49925e-07, 3.93225e-07, 4.5435e-07, 5.1925e-07, 5.7725e-07, 6.4875e-07, 7.1675e-07, 7.9225e-07, 8.7075e-07, 9.31e-07, 9.9625e-07, 1.0655e-06
(U2,2,2),tprog=0.0002,Gprog, 1.00775e-06, 8.3775e-07, 7.195e-07, 6.22e-07, 5.345e-07, 4.49925e-07, 3.8315e-07, 3.2775e-07, 2.75525e-07, 2.339e-07, 2.025e-07, 1.7105e-07, 1.41625e-07, 1.1785e-07, 9.695e-08, 8.3575e-08, 6.91e-08, 5.7725e-08, 4.79475e-08, 4.0445e-08, 3.33425e-08, 2.7305e-08, 2.42575e-08, 1.9845e-08, 1.66325e-08, 1.33425e-08, 1.11525e-08, 8.9525e-09, 7.2875e-09, 6.535e-09, 5.415e-09, 4.32625e-09, 3.50525e-09, 2.8e-09, 2.39825e-09, 1.98675e-09, 1.645e-09, 1.42175e-09, 1.1615e-09, 9.7175e-10
(U2,2,2),terase=0.0001,Gerase, 9.9e-10, 4.37825e-09, 1.41025e-08, 3.1085e-08, 5.79e-08, 9.375e-08, 1.4005e-07, 1.9435e-07, 2.53925e-07, 3.09975e-07, 3.8645e-07, 4.552e-07, 5.285e-07, 6.05e-07, 6.765e-07, 7.4825e-07, 8.3675e-07, 9.3e-07, 1.013e-06
(U2,2,3),tprog=0.0002,Gprog, 1.03625e-06, 8.41e-07, 6.63e-07, 5.36e-07, 4.357e-07, 3.5935e-07, 2.9475e-07, 2.392e-07, 1.98375e-07, 1.56175e-07, 1.26325e-07, 1.00975e-07, 8.1775e-08, 6.455e-08, 5.21e-08, 4.1465e-08, 3.30375e-08, 2.61325e-08, 1.99325e-08, 1.5985e-08, 1.21725e-08, 9.675e-09, 7.6425e-09, 5.93e-09, 4.53725e-09, 3.5295e-09, 2.6835e-09, 2.1035e-09, 1.66825e-09, 1.33575e-09, 1.0665e-09, 8.93e-10
(U2,2,3),terase=0.0001,Gerase, 8.665e-10, 5.5075e-09, 1.82525e-08, 3.7865e-08, 6.465e-08, 9.965e-08, 1.4685e-07, 1.88125e-07, 2.4305e-07, 3.042e-07, 3.62475e-07, 4.268e-07, 4.8855e-07, 5.61e-07, 6.305e-07, 7.1475e-07, 7.9725e-07, 8.6325e-07, 9.505e-07, 1.0245e-06
(U2,2,4),tprog=0.0002,Gprog, 1.005e-06, 8.325e-07, 6.8625e-07, 5.7875e-07, 4.7535e-07, 3.835e-07, 3.16125e-07, 2.6105e-07, 2.13375e-07, 1.7555e-07, 1.444e-07, 1.1705e-07, 9.175e-08, 7.3875e-08, 6.085e-08, 4.9295e-08, 3.83525e-08, 3.09325e-08, 2.40075e-08, 1.7935e-08, 1.386e-08, 1.12325e-08, 8.825e-09, 6.91e-09, 5.4475e-09, 4.1285e-09, 3.29325e-09, 2.62775e-09, 2.007e-09, 1.59975e-09, 1.27075e-09, 1.083e-09, 8.82e-10
(U2,2,4),terase=0.0001,Gerase, 8.55e-10, 3.15e-09, 8.14e-09, 1.675e-08, 2.9655e-08, 4.78575e-08, 7.6575e-08, 1.0445e-07, 1.3495e-07, 1.748e-07, 2.17625e-07, 2.61775e-07, 3.0985e-07, 3.6175e-07, 4.2055e-07, 4.75375e-07, 5.2575e-07, 5.9275e-07, 6.575e-07, 7.1425e-07, 7.91e-07, 8.7e-07, 9.4725e-07, 1.01775e-06
(U2,2,5),tprog=0.0002,Gprog, 1.09275e-06, 8.8e-07, 7.215e-07, 5.98e-07, 5.01e-07, 4.14825e-07, 3.4795e-07, 2.8735e-07, 2.45775e-07, 2.0085e-07, 1.711e-07, 1.44975e-07, 1.225e-07, 1.032e-07, 8.3325e-08, 7.12e-08, 5.8775e-08, 4.8775e-08, 4.03425e-08, 3.31e-08, 2.705e-08, 2.12775e-08, 1.74225e-08, 1.447e-08, 1.1805e-08, 9.85e-09, 7.9925e-09, 6.3575e-09, 5.165e-09, 4.21175e-09, 3.42075e-09, 2.7575e-09, 2.30775e-09, 1.903e-09, 1.58025e-09, 1.3005e-09, 1.11375e-09, 9.1075e-10
(U2,2,5),terase=0.0001,Gerase, 8.9175e-10, 2.204e-09, 4.38725e-09, 7.72e-09, 1.2015e-08, 1.8185e-08, 2.585e-08, 3.3705e-08, 4.464e-08, 5.3925e-08, 7.015e-08, 8.425e-08, 1.0185e-07, 1.19475e-07, 1.411e-07, 1.6645e-07, 1.88225e-07, 2.104e-07, 2.3665e-07, 2.59725e-07, 2.83725e-07, 3.13775e-07, 3.39675e-07, 3.70675e-07, 4.06125e-07, 4.449e-07, 4.795e-07, 5.1775e-07, 5.555e-07, 5.94e-07, 6.32e-07, 6.6775e-07, 6.95e-07, 7.3e-07, 7.755e-07, 8.115e-07, 8.5e-07, 8.895e-07, 9.22e-07, 9.645e-07, 1.00275e-06
(U2,2,6),tprog=0.0002,Gprog, 1.068e-06, 8.205e-07, 6.3575e-07, 4.94675e-07, 3.905e-07, 3.022e-07, 2.31525e-07, 1.837e-07, 1.3805e-07, 1.0565e-07, 8.3125e-08, 6.4825e-08, 4.86075e-08, 3.66875e-08, 2.78425e-08, 2.146e-08, 1.605e-08, 1.13875e-08, 9.345e-09, 7.0775e-09, 5.255e-09, 4.028e-09, 3.269e-09, 2.559e-09, 1.9885e-09, 1.592e-09, 1.27625e-09, 1.024e-09, 8.0225e-10
(U2,2,6),terase=0.0001,Gerase, 7.99e-10, 2.223e-09, 5.2475e-09, 9.9325e-09, 1.77775e-08, 2.99975e-08, 4.3535e-08, 6.0875e-08, 8.125e-08, 1.07025e-07, 1.33525e-07, 1.602e-07, 1.87725e-07, 2.224e-07, 2.55625e-07, 2.908e-07, 3.3215e-07, 3.7875e-07, 4.307e-07, 4.72e-07, 5.1825e-07, 5.72e-07, 6.2975e-07, 6.7775e-07, 7.3125e-07, 7.7975e-07, 8.3225e-07, 8.905e-07, 9.52e-07, 1.00775e-06
(U2,2,7),tprog=0.0002,Gprog, 1.01625e-06, 8.6975e-07, 7.4825e-07, 6.5425e-07, 5.7175e-07, 5.0475e-07, 4.48525e-07, 3.874e-07, 3.313e-07, 2.89925e-07, 2.48425e-07, 2.2225e-07, 1.94375e-07, 1.73475e-07, 1.51175e-07, 1.315e-07, 1.1455e-07, 9.8575e-08, 8.5925e-08, 7.2775e-08, 6.435e-08, 5.5225e-08, 4.7505e-08, 4.102e-08, 3.41375e-08, 2.901e-08, 2.40075e-08, 2.05125e-08, 1.68075e-08, 1.41975e-08, 1.19e-08, 9.86e-09, 8.255e-09, 7.095e-09, 6.05e-09, 5.155e-09, 4.40275e-09, 3.5265e-09, 3.0895e-09, 2.62225e-09, 2.26225e-09, 1.95275e-09, 1.62625e-09, 1.40575e-09, 1.235e-09, 1.036e-09, 8.6225e-10
(U2,2,7),terase=0.0001,Gerase, 8.6325e-10, 3.01425e-09, 8.8275e-09, 1.914e-08, 3.879e-08, 6.355e-08, 9.73e-08, 1.29325e-07, 1.65475e-07, 2.09875e-07, 2.5e-07, 2.92825e-07, 3.34725e-07, 3.8725e-07, 4.44025e-07, 5.005e-07, 5.595e-07, 6.46e-07, 7.1725e-07, 7.7575e-07, 8.3775e-07, 8.9525e-07, 9.52e-07, 1.0295e-06
(U2,2,8),tprog=0.0002,Gprog, 1.01975e-06, 8.04e-07, 6.4475e-07, 5.21e-07, 4.1685e-07, 3.27825e-07, 2.644e-07, 2.107e-07, 1.7025e-07, 1.33e-07, 1.0435e-07, 8.2825e-08, 6.3e-08, 4.77725e-08, 3.6465e-08, 2.68125e-08, 2.037e-08, 1.5635e-08, 1.15125e-08, 8.7475e-09, 6.7675e-09, 5.0175e-09, 3.65875e-09, 2.82675e-09, 2.1255e-09, 1.511e-09, 1.18475e-09, 8.97e-10
(U2,2,8),terase=0.0001,Gerase, 8.995e-10, 3.26525e-09, 7.8425e-09, 1.57475e-08, 2.66125e-08, 4.2535e-08, 6.185e-08, 8.7625e-08, 1.20175e-07, 1.52225e-07, 1.861e-07, 2.27075e-07, 2.68075e-07, 3.05175e-07, 3.54225e-07, 3.961e-07, 4.564e-07, 5.03e-07, 5.6075e-07, 6.075e-07, 6.6e-07, 7.2925e-07, 7.95e-07, 8.4975e-07, 9.235e-07, 9.81e-07, 1.052e-06
(U2,2,9),tprog=0.0002,Gprog, 1.007e-06, 7.69e-07, 6e-07, 4.66275e-07, 3.664e-07, 2.8225e-07, 2.174e-07, 1.68925e-07, 1.31925e-07, 1.0085e-07, 7.975e-08, 6.2775e-08, 4.66875e-08, 3.55825e-08, 2.55575e-08, 1.8645e-08, 1.38675e-08, 9.995e-09, 7.2525e-09, 5.51e-09, 4.1185e-09, 3.1595e-09, 2.3965e-09, 1.9425e-09, 1.5135e-09, 1.2015e-09, 9.92e-10
(U2,2,9),terase=0.0001,Gerase, 9.4825e-10, 2.85325e-09, 6.565e-09, 1.2985e-08, 2.2095e-08, 3.716e-08, 5.8175e-08, 8.09e-08, 1.071e-07, 1.35675e-07, 1.64025e-07, 2.03125e-07, 2.4275e-07, 2.7975e-07, 3.1695e-07, 3.68e-07, 4.26775e-07, 4.758e-07, 5.2875e-07, 5.7675e-07, 6.3375e-07, 6.8275e-07, 7.4225e-07, 8.005e-07, 8.5475e-07, 9.165e-07, 9.6625e-07, 1.0145e-06
(U2,2,10),tprog=0.0002,Gprog, 1.113e-06, 9.3275e-07, 8.105e-07, 6.8325e-07, 5.77e-07, 4.91725e-07, 4.2115e-07, 3.53775e-07, 2.962e-07, 2.48825e-07, 2.10075e-07, 1.7585e-07, 1.481e-07, 1.28e-07, 1.0265e-07, 8.68e-08, 7.1e-08, 5.9225e-08, 4.885e-08, 4.05125e-08, 3.36725e-08, 2.667e-08, 2.2395e-08, 1.82875e-08, 1.512e-08, 1.1855e-08, 9.63e-09, 7.6525e-09, 6.0575e-09, 5.1025e-09, 4.3195e-09, 3.51475e-09, 2.8985e-09, 2.42425e-09, 1.9425e-09, 1.6885e-09, 1.33525e-09, 1.14525e-09, 9.1825e-10
(U2,2,10),terase=0.0001,Gerase, 9.23e-10, 5.74e-09, 1.9425e-08, 4.42875e-08, 7.58e-08, 1.1865e-07, 1.8025e-07, 2.42175e-07, 3.15525e-07, 3.85175e-07, 4.58975e-07, 5.365e-07, 6.135e-07, 6.965e-07, 7.8075e-07, 8.51e-07, 9.33e-07, 1.029e-06
(U2,2,11),tprog=0.0002,Gprog, 1.0435e-06, 8.505e-07, 7.1025e-07, 6.0925e-07, 5.0225e-07, 4.208e-07, 3.5565e-07, 3.04725e-07, 2.53775e-07, 2.1815e-07, 1.83375e-07, 1.511e-07, 1.22175e-07, 1.0315e-07, 8.47e-08, 6.9275e-08, 5.55e-08, 4.582e-08, 3.85675e-08, 3.08125e-08, 2.489e-08, 1.99025e-08, 1.615e-08, 1.2915e-08, 1.02575e-08, 8.355e-09, 6.5825e-09, 5.4175e-09, 4.4975e-09, 3.59825e-09, 2.992e-09, 2.49275e-09, 2.0625e-09, 1.68625e-09, 1.46075e-09, 1.192e-09, 1.00825e-09, 8.23e-10
(U2,2,11),terase=0.0001,Gerase, 8.4175e-10, 2.68e-09, 6.195e-09, 1.20225e-08, 2.05275e-08, 3.1885e-08, 4.85225e-08, 7.2975e-08, 9.84e-08, 1.256e-07, 1.56325e-07, 1.9055e-07, 2.23075e-07, 2.589e-07, 2.9895e-07, 3.39175e-07, 3.795e-07, 4.227e-07, 4.6295e-07, 5.045e-07, 5.52e-07, 5.98e-07, 6.495e-07, 6.97e-07, 7.505e-07, 8.04e-07, 8.675e-07, 9.3125e-07, 9.755e-07, 1.03225e-06
(U2,3,0),tprog=0.0002,Gprog, 1.09175e-06, 8.585e-07, 6.8875e-07, 5.5025e-07, 4.36075e-07, 3.4535e-07, 2.773e-07, 2.14675e-07, 1.68575e-07, 1.287e-07, 1.01e-07, 7.975e-08, 6.2425e-08, 4.90325e-08, 3.91025e-08, 2.99475e-08, 2.31875e-08, 1.751e-08, 1.3515e-08, 1.001e-08, 7.4575e-09, 5.385e-09, 4.2315e-09, 3.2205e-09, 2.581e-09, 1.89825e-09, 1.46925e-09, 1.20375e-09, 9.5975e-10
(U2,3,0),terase=0.0001,Gerase, 9.325e-10, 4.72275e-09, 1.31825e-08, 2.85925e-08, 5.3175e-08, 8.715e-08, 1.278e-07, 1.77825e-07, 2.36475e-07, 2.9885e-07, 3.70825e-07, 4.51075e-07, 5.185e-07, 6.0425e-07, 6.875e-07, 7.6825e-07, 8.505e-07, 9.315e-07, 1.01625e-06
(U2,3,1),tprog=0.0002,Gprog, 1.023e-06, 7.85e-07, 6.1475e-07, 4.848e-07, 3.7675e-07, 2.87725e-07, 2.2565e-07, 1.76175e-07, 1.3305e-07, 1.02225e-07, 7.8125e-08, 5.845e-08, 4.5545e-08, 3.41625e-08, 2.62725e-08, 2.048e-08, 1.50275e-08, 1.143e-08, 8.4975e-09, 6.2575e-09, 4.77375e-09, 3.69625e-09, 2.82025e-09, 2.0845e-09, 1.62125e-09, 1.22725e-09, 9.07e-10
(U2,3,1),terase=0.0001,Gerase, 9.1225e-10, 2.00025e-09, 3.89875e-09, 7.1275e-09, 1.19225e-08, 1.85525e-08, 2.797e-08, 3.81425e-08, 5.1325e-08, 6.7375e-08, 8.6575e-08, 1.097e-07, 1.33275e-07, 1.59425e-07, 1.85125e-07, 2.184e-07, 2.42775e-07, 2.83175e-07, 3.1485e-07, 3.5565e-07, 3.89575e-07, 4.2355e-07, 4.61425e-07, 5.025e-07, 5.4675e-07, 5.88e-07, 6.37e-07, 6.825e-07, 7.285e-07, 7.83e-07, 8.345e-07, 8.8325e-07, 9.3375e-07, 9.8375e-07, 1.0265e-06
(U2,3,2),tprog=0.0002,Gprog, 1.10675e-06, 9.5125e-07, 8.25e-07, 7.3075e-07, 6.38e-07, 5.5775e-07, 4.818e-07, 4.22525e-07, 3.5985e-07, 3.1505e-07, 2.74375e-07, 2.36575e-07, 2.09025e-07, 1.7745e-07, 1.5135e-07, 1.331e-07, 1.152e-07, 1.0045e-07, 8.61e-08, 7.6325e-08, 6.505e-08, 5.545e-08, 4.692e-08, 3.826e-08, 3.55925e-08, 2.97225e-08, 2.58225e-08, 2.304e-08, 2.00875e-08, 1.7435e-08, 1.51325e-08, 1.2965e-08, 1.11275e-08, 9.57e-09, 8.2325e-09, 7.035e-09, 5.9725e-09, 5.26e-09, 4.52475e-09, 4.053e-09, 3.51625e-09, 3.06375e-09, 2.556e-09, 2.2185e-09, 1.92825e-09, 1.65525e-09, 1.424e-09, 1.249e-09, 1.0975e-09, 9.7275e-10
(U2,3,2),terase=0.0001,Gerase, 9.435e-10, 3.60275e-09, 8.3425e-09, 1.57475e-08, 2.389e-08, 3.904e-08, 5.6525e-08, 7.4575e-08, 1.0225e-07, 1.30075e-07, 1.6445e-07, 1.9815e-07, 2.388e-07, 2.7895e-07, 3.17375e-07, 3.605e-07, 4.017e-07, 4.5215e-07, 5.0825e-07, 5.5225e-07, 6.07e-07, 6.5675e-07, 7.155e-07, 7.6025e-07, 8.1275e-07, 8.705e-07, 9.3125e-07, 9.9425e-07, 1.0475e-06
(U2,3,3),tprog=0.0002,Gprog, 1.044e-06, 8.4275e-07, 7.12e-07, 5.96e-07, 4.9445e-07, 4.17475e-07, 3.475e-07, 2.92675e-07, 2.39825e-07, 1.987e-07, 1.65575e-07, 1.376e-07, 1.11525e-07, 9.295e-08, 7.6475e-08, 6.115e-08, 4.966e-08, 4.04975e-08, 3.16e-08, 2.47875e-08, 2.0065e-08, 1.584e-08, 1.229e-08, 9.9025e-09, 8.09e-09, 6.32e-09, 4.9975e-09, 3.99625e-09, 3.4375e-09, 2.7185e-09, 2.151e-09, 1.72e-09, 1.3735e-09, 1.079e-09, 8.0525e-10
(U2,3,3),terase=0.0001,Gerase, 8.0125e-10, 3.388e-09, 1.0085e-08, 2.258e-08, 4.02625e-08, 6.32e-08, 9.48e-08, 1.32e-07, 1.6895e-07, 2.087e-07, 2.51025e-07, 3.0125e-07, 3.59425e-07, 4.1975e-07, 4.7885e-07, 5.3425e-07, 5.9325e-07, 6.4825e-07, 7.1725e-07, 7.6325e-07, 8.225e-07, 8.5475e-07, 9.2475e-07, 9.9175e-07, 1.0575e-06
(U2,3,4),tprog=0.0002,Gprog, 1.0855e-06, 9.04e-07, 7.6225e-07, 6.4175e-07, 5.4725e-07, 4.69475e-07, 3.868e-07, 3.22625e-07, 2.67225e-07, 2.232e-07, 1.84725e-07, 1.51875e-07, 1.256e-07, 1.02325e-07, 8.345e-08, 6.67e-08, 5.4125e-08, 4.383e-08, 3.5425e-08, 2.79875e-08, 2.2185e-08, 1.78525e-08, 1.48975e-08, 1.2075e-08, 9.6225e-09, 7.77e-09, 6.095e-09, 4.818e-09, 3.89375e-09, 3.12125e-09, 2.5175e-09, 2.01625e-09, 1.68875e-09, 1.4405e-09, 1.133e-09, 9.165e-10
(U2,3,4),terase=0.0001,Gerase, 8.665e-10, 2.98975e-09, 7.15e-09, 1.37425e-08, 2.36025e-08, 3.97725e-08, 5.8175e-08, 7.485e-08, 9.7975e-08, 1.238e-07, 1.5035e-07, 1.8135e-07, 2.13e-07, 2.5545e-07, 2.83575e-07, 3.26875e-07, 3.85825e-07, 4.294e-07, 4.6955e-07, 5.29e-07, 5.8275e-07, 6.27e-07, 6.7775e-07, 7.3075e-07, 7.865e-07, 8.39e-07, 8.9275e-07, 9.53e-07, 9.9425e-07, 1.044e-06
(U2,3,5),tprog=0.0002,Gprog, 1.0575e-06, 8.95e-07, 7.5025e-07, 6.3475e-07, 5.41e-07, 4.5645e-07, 3.66425e-07, 3.117e-07, 2.549e-07, 2.14225e-07, 1.74725e-07, 1.44675e-07, 1.16725e-07, 9.4825e-08, 7.975e-08, 6.3325e-08, 5.2375e-08, 4.25925e-08, 3.526e-08, 2.852e-08, 2.28825e-08, 1.82275e-08, 1.41775e-08, 1.13625e-08, 8.4725e-09, 6.485e-09, 5.1725e-09, 4.20075e-09, 3.43e-09, 2.89325e-09, 2.35025e-09, 1.834e-09, 1.51e-09, 1.258e-09, 1.0225e-09, 8.485e-10
(U2,3,5),terase=0.0001,Gerase, 8.3725e-10, 3.97675e-09, 1.17625e-08, 2.41325e-08, 4.27025e-08, 6.955e-08, 1.0035e-07, 1.38875e-07, 1.896e-07, 2.478e-07, 3.13325e-07, 3.80425e-07, 4.50375e-07, 5.2075e-07, 5.995e-07, 6.62e-07, 7.2425e-07, 7.8975e-07, 8.565e-07, 9.185e-07, 9.9925e-07, 1.08e-06
(U2,3,6),tprog=0.0002,Gprog, 1.0615e-06, 9.0925e-07, 7.9025e-07, 6.8925e-07, 6.0775e-07, 5.2925e-07, 4.633e-07, 4.0695e-07, 3.57375e-07, 3.14875e-07, 2.7545e-07, 2.39375e-07, 2.059e-07, 1.7885e-07, 1.56725e-07, 1.32825e-07, 1.1375e-07, 9.7675e-08, 8.46e-08, 7.395e-08, 6.155e-08, 5.4275e-08, 4.6555e-08, 3.95525e-08, 3.31675e-08, 2.68975e-08, 2.2185e-08, 1.90375e-08, 1.5905e-08, 1.34375e-08, 1.11325e-08, 9.1325e-09, 7.4875e-09, 6.1325e-09, 4.905e-09, 4.10225e-09, 3.3665e-09, 2.71325e-09, 2.2345e-09, 1.8255e-09, 1.54275e-09, 1.3115e-09, 1.1395e-09, 9.5575e-10
(U2,3,6),terase=0.0001,Gerase, 9.3675e-10, 5.8425e-09, 1.8225e-08, 3.78075e-08, 6.26e-08, 9.4e-08, 1.367e-07, 1.8215e-07, 2.34725e-07, 2.88425e-07, 3.57025e-07, 4.16375e-07, 4.73925e-07, 5.5e-07, 6.2675e-07, 6.965e-07, 7.5225e-07, 8.2175e-07, 8.95e-07, 9.7475e-07, 1.0435e-06
(U2,3,7),tprog=0.0002,Gprog, 1.0815e-06, 9.0425e-07, 7.64e-07, 6.3825e-07, 5.455e-07, 4.65225e-07, 3.95975e-07, 3.30925e-07, 2.758e-07, 2.33425e-07, 1.98625e-07, 1.67475e-07, 1.40075e-07, 1.17925e-07, 9.5575e-08, 8.03e-08, 6.51e-08, 5.375e-08, 4.455e-08, 3.54725e-08, 2.8585e-08, 2.34225e-08, 1.92425e-08, 1.50375e-08, 1.205e-08, 9.515e-09, 7.5975e-09, 6.2425e-09, 5.22e-09, 4.343e-09, 3.6585e-09, 3.16125e-09, 2.5925e-09, 2.11975e-09, 1.7385e-09, 1.4685e-09, 1.2445e-09, 1.035e-09, 8.8925e-10
(U2,3,7),terase=0.0001,Gerase, 8.8675e-10, 3.77675e-09, 1.015e-08, 2.05925e-08, 3.762e-08, 6.105e-08, 8.915e-08, 1.2315e-07, 1.634e-07, 2.10625e-07, 2.63025e-07, 3.2735e-07, 3.8665e-07, 4.5705e-07, 5.3325e-07, 6.0375e-07, 6.8975e-07, 7.63e-07, 8.3625e-07, 9.16e-07, 1.00275e-06
(U2,3,8),tprog=0.0002,Gprog, 1.03425e-06, 8.4625e-07, 7.1725e-07, 6.085e-07, 5.1225e-07, 4.3745e-07, 3.6665e-07, 3.10875e-07, 2.584e-07, 2.15125e-07, 1.7815e-07, 1.44675e-07, 1.193e-07, 1.0085e-07, 8.42e-08, 7.08e-08, 5.915e-08, 4.8895e-08, 4.06925e-08, 3.348e-08, 2.84225e-08, 2.16e-08, 1.817e-08, 1.5605e-08, 1.258e-08, 9.825e-09, 7.82e-09, 6.2175e-09, 5.1925e-09, 3.9245e-09, 3.2845e-09, 2.6745e-09, 2.1905e-09, 1.8445e-09, 1.57825e-09, 1.276e-09, 1.09375e-09, 9.2925e-10
(U2,3,8),terase=0.0001,Gerase, 8.6925e-10, 3.96675e-09, 1.097e-08, 2.09675e-08, 3.7685e-08, 6e-08, 8.775e-08, 1.20975e-07, 1.588e-07, 2.02075e-07, 2.427e-07, 2.88825e-07, 3.488e-07, 4.101e-07, 4.75575e-07, 5.3825e-07, 6.0225e-07, 6.8325e-07, 7.5625e-07, 8.3125e-07, 9.0775e-07, 9.8475e-07, 1.06925e-06
(U2,3,9),tprog=0.0002,Gprog, 1.07e-06, 8.4475e-07, 6.8675e-07, 5.605e-07, 4.5745e-07, 3.83675e-07, 3.09325e-07, 2.416e-07, 1.92625e-07, 1.5275e-07, 1.1855e-07, 9.545e-08, 7.5525e-08, 5.72e-08, 4.55375e-08, 3.389e-08, 2.56525e-08, 1.956e-08, 1.50975e-08, 1.146e-08, 8.305e-09, 6.235e-09, 4.80925e-09, 3.555e-09, 2.75575e-09, 1.992e-09, 1.583e-09, 1.197e-09, 9.14e-10
(U2,3,9),terase=0.0001,Gerase, 8.81e-10, 3.29375e-09, 8.74e-09, 1.69675e-08, 3.08875e-08, 5.1575e-08, 7.4775e-08, 1.07125e-07, 1.4025e-07, 1.858e-07, 2.264e-07, 2.68725e-07, 3.23675e-07, 3.6485e-07, 4.2135e-07, 4.7865e-07, 5.345e-07, 6.0275e-07, 6.5275e-07, 7.1425e-07, 7.775e-07, 8.435e-07, 9.04e-07, 9.61e-07, 1.02375e-06
(U2,3,10),tprog=0.0002,Gprog, 1.0775e-06, 9.16e-07, 7.8925e-07, 6.82e-07, 5.855e-07, 5.085e-07, 4.377e-07, 3.80025e-07, 3.2845e-07, 2.79825e-07, 2.404e-07, 2.128e-07, 1.809e-07, 1.54475e-07, 1.294e-07, 1.125e-07, 9.5225e-08, 7.9325e-08, 6.9925e-08, 6.005e-08, 4.9515e-08, 3.97575e-08, 3.47175e-08, 2.8525e-08, 2.336e-08, 2.01725e-08, 1.69175e-08, 1.39425e-08, 1.111e-08, 9.78e-09, 8.2125e-09, 6.8325e-09, 5.575e-09, 4.33225e-09, 3.7995e-09, 3.26875e-09, 2.7675e-09, 2.27475e-09, 1.95525e-09, 1.63275e-09, 1.37675e-09, 1.15125e-09, 9.865e-10
(U2,3,10),terase=0.0001,Gerase, 9.7325e-10, 5.4025e-09, 1.5615e-08, 3.369e-08, 5.9475e-08, 9.2475e-08, 1.29325e-07, 1.75075e-07, 2.11825e-07, 2.66975e-07, 3.22975e-07, 3.919e-07, 4.5125e-07, 5.25e-07, 5.94e-07, 6.66e-07, 7.3375e-07, 8.08e-07, 8.8225e-07, 9.51e-07, 1.01975e-06
(U2,3,11),tprog=0.0002,Gprog, 1.10725e-06, 9.5e-07, 8.1925e-07, 7.045e-07, 6.17e-07, 5.3675e-07, 4.6625e-07, 4.10825e-07, 3.577e-07, 3.1495e-07, 2.683e-07, 2.263e-07, 1.95775e-07, 1.6515e-07, 1.46375e-07, 1.25425e-07, 1.0535e-07, 8.9275e-08, 7.7125e-08, 6.575e-08, 5.4725e-08, 4.53625e-08, 3.7235e-08, 3.13225e-08, 2.5965e-08, 2.251e-08, 1.85375e-08, 1.55825e-08, 1.284e-08, 1.01875e-08, 8.5225e-09, 7.3675e-09, 6.12e-09, 4.98e-09, 4.0395e-09, 3.49375e-09, 2.96575e-09, 2.4465e-09, 2.0735e-09, 1.804e-09, 1.4595e-09, 1.2055e-09, 1.042e-09, 9.215e-10
(U2,3,11),terase=0.0001,Gerase, 8.99e-10, 2.55475e-09, 6.0725e-09, 1.167e-08, 1.97075e-08, 3.0895e-08, 4.26675e-08, 5.7275e-08, 7.7075e-08, 9.675e-08, 1.21425e-07, 1.457e-07, 1.7025e-07, 1.981e-07, 2.25225e-07, 2.5535e-07, 2.83375e-07, 3.11775e-07, 3.44275e-07, 3.8225e-07, 4.14e-07, 4.52425e-07, 5.06e-07, 5.47e-07, 5.8375e-07, 6.14e-07, 6.5e-07, 6.865e-07, 7.21e-07, 7.57e-07, 7.9525e-07, 8.385e-07, 8.7325e-07, 9.185e-07, 9.72e-07, 1.01725e-06
(U2,4,0),tprog=0.0002,Gprog, 1.058e-06, 8.9325e-07, 7.8e-07, 6.755e-07, 5.81e-07, 5.0075e-07, 4.26725e-07, 3.704e-07, 3.1745e-07, 2.707e-07, 2.326e-07, 2.001e-07, 1.7335e-07, 1.44875e-07, 1.2375e-07, 1.013e-07, 8.695e-08, 7.4175e-08, 6.255e-08, 5.0375e-08, 4.14825e-08, 3.49e-08, 2.89325e-08, 2.43425e-08, 2.044e-08, 1.70075e-08, 1.45075e-08, 1.219e-08, 1.00175e-08, 8.5925e-09, 7.105e-09, 5.8175e-09, 4.74175e-09, 3.92e-09, 3.32e-09, 2.7675e-09, 2.25775e-09, 1.89825e-09, 1.57375e-09, 1.314e-09, 1.12075e-09, 9.99e-10
(U2,4,0),terase=0.0001,Gerase, 9.665e-10, 3.395e-09, 8.1375e-09, 1.5215e-08, 2.49075e-08, 3.713e-08, 5.46e-08, 7.54e-08, 9.9175e-08, 1.2855e-07, 1.56475e-07, 1.916e-07, 2.24e-07, 2.57775e-07, 2.9705e-07, 3.23225e-07, 3.70475e-07, 4.25025e-07, 4.6835e-07, 5.0975e-07, 5.5075e-07, 5.95e-07, 6.3125e-07, 6.865e-07, 7.45e-07, 7.96e-07, 8.505e-07, 9.1475e-07, 9.755e-07, 1.03775e-06
(U2,4,1),tprog=0.0002,Gprog, 1.04075e-06, 8.6625e-07, 7.435e-07, 6.4725e-07, 5.65e-07, 4.8165e-07, 4.12375e-07, 3.5825e-07, 3.0715e-07, 2.638e-07, 2.2405e-07, 1.904e-07, 1.5605e-07, 1.317e-07, 1.09625e-07, 9.33e-08, 7.855e-08, 6.3925e-08, 5.435e-08, 4.4885e-08, 3.777e-08, 3.14825e-08, 2.60175e-08, 2.14425e-08, 1.71575e-08, 1.40775e-08, 1.141e-08, 9.69e-09, 8.46e-09, 6.9625e-09, 5.56e-09, 4.56125e-09, 3.46075e-09, 3.051e-09, 2.41775e-09, 1.92575e-09, 1.73375e-09, 1.34875e-09, 1.16825e-09, 1.0005e-09, 8.4925e-10
(U2,4,1),terase=0.0001,Gerase, 8.35e-10, 5.5575e-09, 1.91325e-08, 4.60575e-08, 8.6425e-08, 1.3885e-07, 2.0395e-07, 2.74025e-07, 3.47925e-07, 4.24625e-07, 4.9725e-07, 5.7775e-07, 6.6e-07, 7.3725e-07, 8.105e-07, 8.8975e-07, 9.8e-07, 1.0805e-06
(U2,4,2),tprog=0.0002,Gprog, 1.09275e-06, 9.0575e-07, 7.71e-07, 6.5175e-07, 5.5475e-07, 4.73925e-07, 3.91075e-07, 3.3275e-07, 2.82925e-07, 2.40025e-07, 2.10175e-07, 1.81775e-07, 1.5745e-07, 1.34125e-07, 1.1345e-07, 9.61e-08, 8.4625e-08, 7.2975e-08, 6.235e-08, 5.18e-08, 4.4565e-08, 3.787e-08, 3.173e-08, 2.72625e-08, 2.29775e-08, 1.98925e-08, 1.644e-08, 1.39575e-08, 1.15025e-08, 9.2875e-09, 8.0525e-09, 6.635e-09, 5.5575e-09, 4.606e-09, 3.838e-09, 3.1375e-09, 2.6195e-09, 2.17275e-09, 1.82375e-09, 1.51025e-09, 1.26025e-09, 1.08425e-09, 9.205e-10
(U2,4,2),terase=0.0001,Gerase, 9.055e-10, 5.445e-09, 1.694e-08, 3.5225e-08, 6.145e-08, 9.2525e-08, 1.31125e-07, 1.79275e-07, 2.36175e-07, 2.93275e-07, 3.561e-07, 4.226e-07, 4.8855e-07, 5.74e-07, 6.5375e-07, 7.405e-07, 8.4125e-07, 9.2e-07, 1.007e-06
(U2,4,3),tprog=0.0002,Gprog, 1.091e-06, 9.7025e-07, 8.7225e-07, 7.765e-07, 6.885e-07, 6.1375e-07, 5.4725e-07, 4.76475e-07, 4.27125e-07, 3.87375e-07, 3.42275e-07, 3.0155e-07, 2.65825e-07, 2.2845e-07, 2.02025e-07, 1.78375e-07, 1.59275e-07, 1.38e-07, 1.19175e-07, 1.03975e-07, 9.0875e-08, 7.895e-08, 6.9525e-08, 6.13e-08, 5.48e-08, 4.826e-08, 4.28625e-08, 3.6095e-08, 3.12025e-08, 2.772e-08, 2.46e-08, 2.19075e-08, 1.95225e-08, 1.64575e-08, 1.453e-08, 1.32325e-08, 1.146e-08, 1.00425e-08, 8.605e-09, 7.5675e-09, 6.565e-09, 5.52e-09, 4.902e-09, 4.261e-09, 3.68925e-09, 3.2765e-09, 2.7765e-09, 2.42e-09, 2.16375e-09, 1.88925e-09, 1.64825e-09, 1.43725e-09, 1.2485e-09, 1.11225e-09, 9.85e-10
(U2,4,3),terase=0.0001,Gerase, 9.84e-10, 4.7925e-09, 1.1665e-08, 2.495e-08, 4.474e-08, 6.825e-08, 9.57e-08, 1.28325e-07, 1.70525e-07, 2.149e-07, 2.6455e-07, 3.10375e-07, 3.64975e-07, 4.2155e-07, 4.872e-07, 5.49e-07, 6.09e-07, 6.81e-07, 7.4025e-07, 8.0475e-07, 8.7e-07, 9.4325e-07, 1.013e-06
(U2,4,4),tprog=0.0002,Gprog, 1.0265e-06, 8.08e-07, 6.6825e-07, 5.56e-07, 4.568e-07, 3.78875e-07, 3.16775e-07, 2.5865e-07, 2.14775e-07, 1.7715e-07, 1.439e-07, 1.2035e-07, 9.7825e-08, 7.9525e-08, 6.165e-08, 5.02e-08, 4.11225e-08, 3.378e-08, 2.68725e-08, 2.09175e-08, 1.685e-08, 1.29025e-08, 1.064e-08, 8.245e-09, 6.5425e-09, 5.225e-09, 4.14875e-09, 3.17025e-09, 2.44625e-09, 1.954e-09, 1.59325e-09, 1.2875e-09, 1.0775e-09, 8.3925e-10
(U2,4,4),terase=0.0001,Gerase, 8.28e-10, 4.02425e-09, 1.143e-08, 2.40325e-08, 4.504e-08, 7.145e-08, 1.03075e-07, 1.459e-07, 1.9575e-07, 2.51875e-07, 3.065e-07, 3.6135e-07, 4.2305e-07, 4.91925e-07, 5.5875e-07, 6.295e-07, 7.04e-07, 7.77e-07, 8.595e-07, 9.495e-07, 1.0255e-06
(U2,4,5),tprog=0.0002,Gprog, 1.03425e-06, 8.725e-07, 7.6725e-07, 6.7e-07, 5.8925e-07, 5.2675e-07, 4.74575e-07, 4.13425e-07, 3.69e-07, 3.13825e-07, 2.78425e-07, 2.4955e-07, 2.26275e-07, 1.90025e-07, 1.64525e-07, 1.49425e-07, 1.3305e-07, 1.16575e-07, 1.0185e-07, 8.8825e-08, 7.6475e-08, 6.575e-08, 5.67e-08, 4.9005e-08, 4.15475e-08, 3.595e-08, 3.05825e-08, 2.55225e-08, 2.146e-08, 1.79425e-08, 1.53975e-08, 1.3165e-08, 1.1495e-08, 9.71e-09, 8.3675e-09, 7.1175e-09, 6.1225e-09, 5.18e-09, 4.4695e-09, 3.68e-09, 3.17575e-09, 2.76675e-09, 2.38375e-09, 2.045e-09, 1.75e-09, 1.537e-09, 1.28375e-09, 1.12475e-09, 9.6625e-10
(U2,4,5),terase=0.0001,Gerase, 9.8e-10, 3.07025e-09, 6.335e-09, 1.1715e-08, 1.9255e-08, 2.977e-08, 4.35275e-08, 5.975e-08, 8.0825e-08, 1.09375e-07, 1.3565e-07, 1.69e-07, 2.0275e-07, 2.40075e-07, 2.7075e-07, 3.0645e-07, 3.44175e-07, 3.8265e-07, 4.23925e-07, 4.73e-07, 5.1325e-07, 5.49e-07, 6.04e-07, 6.5125e-07, 6.95e-07, 7.405e-07, 7.95e-07, 8.43e-07, 8.8575e-07, 9.27e-07, 9.75e-07, 1.04425e-06
(U2,4,6),tprog=0.0002,Gprog, 1.03975e-06, 8.165e-07, 6.4075e-07, 5.0165e-07, 3.887e-07, 3.078e-07, 2.43125e-07, 1.9185e-07, 1.52875e-07, 1.2325e-07, 9.895e-08, 7.9375e-08, 6.2225e-08, 4.961e-08, 3.94125e-08, 3.12975e-08, 2.417e-08, 1.987e-08, 1.55525e-08, 1.25825e-08, 1.01725e-08, 8.2725e-09, 6.82e-09, 5.415e-09, 4.245e-09, 3.40275e-09, 2.58725e-09, 2.07975e-09, 1.583e-09, 1.24425e-09, 9.9875e-10
(U2,4,6),terase=0.0001,Gerase, 1.0165e-09, 6.03e-09, 1.74475e-08, 3.81025e-08, 6.28e-08, 9.99e-08, 1.51e-07, 2.0015e-07, 2.5595e-07, 3.25275e-07, 4.13225e-07, 4.8775e-07, 5.7825e-07, 6.445e-07, 7.29e-07, 8.1375e-07, 9.0275e-07, 9.9675e-07, 1.09275e-06
(U2,4,7),tprog=0.0002,Gprog, 1.019e-06, 8.25e-07, 6.47e-07, 5.26e-07, 4.1855e-07, 3.36075e-07, 2.7925e-07, 2.156e-07, 1.74675e-07, 1.4265e-07, 1.15e-07, 8.9425e-08, 7.3875e-08, 5.405e-08, 4.38225e-08, 3.50125e-08, 2.764e-08, 2.108e-08, 1.6275e-08, 1.26925e-08, 9.945e-09, 7.425e-09, 5.9825e-09, 4.65225e-09, 3.6265e-09, 2.95525e-09, 2.26875e-09, 1.67875e-09, 1.316e-09, 1.01275e-09, 8.27e-10
(U2,4,7),terase=0.0001,Gerase, 8.2775e-10, 2.2695e-09, 4.9175e-09, 9.6075e-09, 1.54725e-08, 2.456e-08, 3.3425e-08, 4.3695e-08, 5.55e-08, 7.2575e-08, 9.4e-08, 1.122e-07, 1.35475e-07, 1.55525e-07, 1.7895e-07, 2.07575e-07, 2.38175e-07, 2.69675e-07, 2.8555e-07, 3.3085e-07, 3.5575e-07, 3.86275e-07, 4.23125e-07, 4.6895e-07, 4.999e-07, 5.3525e-07, 5.6925e-07, 6.02e-07, 6.39e-07, 6.6925e-07, 7.0075e-07, 7.41e-07, 7.8525e-07, 8.0425e-07, 8.5325e-07, 8.9625e-07, 9.305e-07, 9.7175e-07, 9.87e-07, 1.018e-06
(U2,4,8),tprog=0.0002,Gprog, 1.03975e-06, 9.135e-07, 8.3875e-07, 7.515e-07, 6.7675e-07, 6.075e-07, 5.5375e-07, 4.97275e-07, 4.53075e-07, 4.05125e-07, 3.63775e-07, 3.29e-07, 2.9435e-07, 2.68275e-07, 2.41675e-07, 2.16e-07, 1.97875e-07, 1.76025e-07, 1.582e-07, 1.41425e-07, 1.27375e-07, 1.149e-07, 1.00775e-07, 1.01425e-07, 7.9125e-08, 7.0575e-08, 6.3875e-08, 5.7275e-08, 5.115e-08, 4.41075e-08, 3.94025e-08, 3.47075e-08, 2.97775e-08, 2.68725e-08, 2.354e-08, 2.66575e-08, 1.86875e-08, 1.66225e-08, 1.87625e-08, 1.68925e-08, 1.0865e-08, 9.68e-09, 8.545e-09, 1.015e-08, 9.2e-09, 7.9025e-09, 5.105e-09, 4.39825e-09, 5.3225e-09, 3.345e-09, 4.3155e-09, 2.65075e-09, 2.32325e-09, 2.0105e-09, 1.80075e-09, 2.2795e-09, 2.06375e-09, 1.259e-09, 1.705e-09, 1.45925e-09, 1.28375e-09, 1.1285e-09, 1.02575e-09, 9.105e-10
(U2,4,8),terase=0.0001,Gerase, 9.065e-10, 5.18e-09, 1.1555e-08, 2.59325e-08, 5.405e-08, 7.05e-08, 1.046e-07, 1.392e-07, 1.82675e-07, 2.334e-07, 2.842e-07, 3.35e-07, 3.918e-07, 4.4025e-07, 5.0725e-07, 5.745e-07, 6.39e-07, 7.0125e-07, 7.665e-07, 8.3025e-07, 9.0175e-07, 9.7475e-07, 1.043e-06
(U2,4,9),tprog=0.0002,Gprog, 1.0955e-06, 9.4725e-07, 8.2075e-07, 7.17e-07, 6.1175e-07, 5.2475e-07, 4.506e-07, 3.8765e-07, 3.32525e-07, 2.8835e-07, 2.471e-07, 2.06025e-07, 1.775e-07, 1.5135e-07, 1.227e-07, 1.04175e-07, 9.0025e-08, 7.4825e-08, 6.085e-08, 5.135e-08, 4.2275e-08, 3.397e-08, 2.84925e-08, 2.426e-08, 2.03275e-08, 1.72075e-08, 1.434e-08, 1.2035e-08, 9.9e-09, 8.0875e-09, 6.7925e-09, 5.58e-09, 4.6885e-09, 3.91075e-09, 3.08025e-09, 2.66525e-09, 2.22175e-09, 1.856e-09, 1.513e-09, 1.2475e-09, 1.0475e-09, 9.1625e-10
(U2,4,9),terase=0.0001,Gerase, 9.02e-10, 4.48675e-09, 1.16375e-08, 2.40175e-08, 4.324e-08, 6.6725e-08, 9.985e-08, 1.37925e-07, 1.7485e-07, 2.30675e-07, 2.84925e-07, 3.38875e-07, 3.92725e-07, 4.51375e-07, 5.195e-07, 5.855e-07, 6.5775e-07, 7.2825e-07, 8.125e-07, 8.795e-07, 9.5775e-07, 1.0265e-06
(U2,4,10),tprog=0.0002,Gprog, 1.1135e-06, 9.6125e-07, 8.4375e-07, 7.46e-07, 6.625e-07, 5.89e-07, 5.225e-07, 4.58425e-07, 4.076e-07, 3.657e-07, 3.21725e-07, 2.86425e-07, 2.576e-07, 2.312e-07, 2.0365e-07, 1.78825e-07, 1.56075e-07, 1.40925e-07, 1.25725e-07, 1.1015e-07, 9.435e-08, 8.3475e-08, 7.275e-08, 6.405e-08, 5.445e-08, 4.71e-08, 4.0915e-08, 3.61175e-08, 3.05875e-08, 2.613e-08, 2.2425e-08, 1.89525e-08, 1.626e-08, 1.387e-08, 1.20375e-08, 9.95e-09, 8.8525e-09, 7.68e-09, 6.8025e-09, 5.7275e-09, 4.82075e-09, 3.9685e-09, 3.3065e-09, 2.7945e-09, 2.36675e-09, 2.118e-09, 1.83125e-09, 1.6125e-09, 1.36625e-09, 1.24175e-09, 1.10725e-09, 9.2325e-10
(U2,4,10),terase=0.0001,Gerase, 8.9675e-10, 5.205e-09, 1.643e-08, 3.447e-08, 6.4175e-08, 1.025e-07, 1.4015e-07, 1.84475e-07, 2.4075e-07, 3.02025e-07, 3.71275e-07, 4.41625e-07, 5.2e-07, 5.9525e-07, 6.6475e-07, 7.4e-07, 8.2225e-07, 9.0075e-07, 9.83e-07, 1.062e-06
(U2,4,11),tprog=0.0002,Gprog, 1.0735e-06, 8.96e-07, 7.69e-07, 6.7175e-07, 5.755e-07, 5.0475e-07, 4.424e-07, 3.69375e-07, 3.16175e-07, 2.72025e-07, 2.392e-07, 2.0705e-07, 1.74e-07, 1.49775e-07, 1.29725e-07, 1.10225e-07, 9.415e-08, 8.2275e-08, 7.005e-08, 6.1175e-08, 5.0425e-08, 4.21075e-08, 3.569e-08, 2.992e-08, 2.572e-08, 2.11925e-08, 1.76475e-08, 1.46275e-08, 1.2035e-08, 1.00975e-08, 8.3725e-09, 7.125e-09, 5.9225e-09, 5.0775e-09, 4.352e-09, 3.6595e-09, 3.0035e-09, 2.60575e-09, 2.072e-09, 1.82275e-09, 1.5615e-09, 1.29625e-09, 1.13525e-09, 1.0135e-09, 8.4425e-10
(U2,4,11),terase=0.0001,Gerase, 8.6475e-10, 2.9895e-09, 7.265e-09, 1.753e-08, 2.97075e-08, 4.86675e-08, 7.075e-08, 1.01475e-07, 1.36e-07, 1.86775e-07, 2.437e-07, 2.96825e-07, 3.55575e-07, 4.21325e-07, 4.85625e-07, 5.59e-07, 6.1825e-07, 6.925e-07, 7.5475e-07, 8.235e-07, 9.075e-07, 9.7375e-07, 1.05375e-06
(U2,5,0),tprog=0.0002,Gprog, 1.04025e-06, 7.8825e-07, 6.2175e-07, 4.87575e-07, 3.8885e-07, 3.0985e-07, 2.4485e-07, 1.97525e-07, 1.56175e-07, 1.26975e-07, 9.8525e-08, 7.96e-08, 6.1725e-08, 4.71025e-08, 3.71075e-08, 2.85775e-08, 2.15225e-08, 1.596e-08, 1.192e-08, 9.04e-09, 6.73e-09, 5.02e-09, 3.65775e-09, 2.659e-09, 2.02375e-09, 1.5065e-09, 1.18875e-09, 9.085e-10
(U2,5,0),terase=0.0001,Gerase, 9.15e-10, 3.57525e-09, 8.9325e-09, 1.8255e-08, 3.0345e-08, 4.6705e-08, 6.4775e-08, 8.4825e-08, 1.06575e-07, 1.3505e-07, 1.65725e-07, 2.0365e-07, 2.4045e-07, 2.81425e-07, 3.203e-07, 3.5965e-07, 4.08575e-07, 4.43325e-07, 4.9175e-07, 5.49e-07, 5.9075e-07, 6.4725e-07, 7.015e-07, 7.6075e-07, 8.1825e-07, 8.7025e-07, 9.2275e-07, 9.795e-07, 1.0495e-06
(U2,5,1),tprog=0.0002,Gprog, 1.025e-06, 8.1925e-07, 6.4975e-07, 5.185e-07, 4.05225e-07, 3.362e-07, 2.715e-07, 2.19925e-07, 1.77975e-07, 1.404e-07, 1.123e-07, 8.51e-08, 6.425e-08, 4.9555e-08, 3.86475e-08, 3.05225e-08, 2.40325e-08, 1.76025e-08, 1.30825e-08, 9.6725e-09, 7.3e-09, 5.58e-09, 4.205e-09, 3.106e-09, 2.3785e-09, 1.86225e-09, 1.4625e-09, 1.11925e-09, 8.94e-10
(U2,5,1),terase=0.0001,Gerase, 8.7475e-10, 3.25575e-09, 7.6375e-09, 1.61125e-08, 2.8695e-08, 4.61925e-08, 6.675e-08, 9.14e-08, 1.1975e-07, 1.53025e-07, 1.94275e-07, 2.35575e-07, 2.735e-07, 3.07925e-07, 3.5555e-07, 3.98175e-07, 4.4005e-07, 4.87625e-07, 5.37e-07, 5.7975e-07, 6.3275e-07, 6.7725e-07, 7.3625e-07, 7.78e-07, 8.3575e-07, 8.915e-07, 9.4025e-07, 9.925e-07, 1.0445e-06
(U2,5,2),tprog=0.0002,Gprog, 1.052e-06, 8.92e-07, 7.68e-07, 6.605e-07, 5.625e-07, 4.8525e-07, 4.2305e-07, 3.65925e-07, 3.1625e-07, 2.7645e-07, 2.43825e-07, 2.1175e-07, 1.8285e-07, 1.59575e-07, 1.39925e-07, 1.2075e-07, 1.02675e-07, 8.76e-08, 7.535e-08, 6.4175e-08, 5.385e-08, 4.458e-08, 3.7965e-08, 3.231e-08, 2.742e-08, 2.29625e-08, 1.93225e-08, 1.61575e-08, 1.37125e-08, 1.15625e-08, 9.7475e-09, 8.2375e-09, 6.81e-09, 5.675e-09, 4.74475e-09, 3.92175e-09, 3.2875e-09, 2.78475e-09, 2.3115e-09, 1.968e-09, 1.6255e-09, 1.43375e-09, 1.1835e-09, 1.03675e-09, 8.9275e-10
(U2,5,2),terase=0.0001,Gerase, 8.9225e-10, 6.675e-09, 2.41675e-08, 5.4e-08, 1.008e-07, 1.5595e-07, 2.15875e-07, 2.83875e-07, 3.71175e-07, 4.48825e-07, 5.4025e-07, 6.235e-07, 7.2225e-07, 8.1575e-07, 9.345e-07, 1.04825e-06
(U2,5,3),tprog=0.0002,Gprog, 1.09375e-06, 9.0825e-07, 7.645e-07, 6.4975e-07, 5.4525e-07, 4.54175e-07, 3.69775e-07, 3.0525e-07, 2.4865e-07, 2.07175e-07, 1.6955e-07, 1.36175e-07, 1.09725e-07, 8.88e-08, 6.9e-08, 5.715e-08, 4.57425e-08, 3.674e-08, 3.03975e-08, 2.48025e-08, 2.00225e-08, 1.554e-08, 1.2035e-08, 9.39e-09, 7.555e-09, 5.8325e-09, 4.7745e-09, 3.68925e-09, 2.9265e-09, 2.308e-09, 1.8615e-09, 1.5405e-09, 1.181e-09, 9.7125e-10
(U2,5,3),terase=0.0001,Gerase, 9.8175e-10, 4.975e-09, 1.36e-08, 2.98075e-08, 5.6475e-08, 9.2225e-08, 1.3385e-07, 1.87225e-07, 2.44225e-07, 3.0625e-07, 3.68425e-07, 4.41675e-07, 5.1075e-07, 5.79e-07, 6.67e-07, 7.53e-07, 8.2425e-07, 9.07e-07, 9.9125e-07, 1.07425e-06
(U2,5,4),tprog=0.0002,Gprog, 1.02225e-06, 8.6e-07, 7.3075e-07, 6.21e-07, 5.21e-07, 4.433e-07, 3.76e-07, 3.1735e-07, 2.74175e-07, 2.301e-07, 1.98075e-07, 1.66275e-07, 1.37475e-07, 1.15425e-07, 9.3725e-08, 7.755e-08, 6.345e-08, 5.06125e-08, 4.18425e-08, 3.54825e-08, 2.78625e-08, 2.299e-08, 1.90575e-08, 1.507e-08, 1.19125e-08, 9.83e-09, 7.8275e-09, 6.43e-09, 5.225e-09, 4.315e-09, 3.49e-09, 2.7985e-09, 2.279e-09, 1.9245e-09, 1.57975e-09, 1.3295e-09, 1.10875e-09, 9.1975e-10
(U2,5,4),terase=0.0001,Gerase, 9.0675e-10, 2.81225e-09, 6.425e-09, 1.279e-08, 2.21425e-08, 3.79475e-08, 5.6875e-08, 8.18e-08, 1.10075e-07, 1.446e-07, 1.81325e-07, 2.21275e-07, 2.63e-07, 3.10625e-07, 3.60775e-07, 4.0895e-07, 4.58675e-07, 5.12e-07, 5.73e-07, 6.3175e-07, 6.9325e-07, 7.5075e-07, 8.075e-07, 8.8025e-07, 9.49e-07, 1.008e-06
(U2,5,5),tprog=0.0002,Gprog, 1.05475e-06, 8.6625e-07, 7.055e-07, 5.83e-07, 4.7355e-07, 3.91725e-07, 3.2295e-07, 2.6795e-07, 2.2205e-07, 1.87875e-07, 1.54375e-07, 1.27225e-07, 1.02025e-07, 8.04e-08, 6.465e-08, 5.12e-08, 4.17e-08, 3.35375e-08, 2.684e-08, 2.21725e-08, 1.822e-08, 1.42525e-08, 1.11525e-08, 9.02e-09, 7.32e-09, 5.825e-09, 4.7925e-09, 3.9175e-09, 2.83625e-09, 2.657e-09, 2.13e-09, 1.8725e-09, 1.46725e-09, 1.16825e-09, 9.9925e-10
(U2,5,5),terase=0.0001,Gerase, 8.89e-10, 3.62475e-09, 1.088e-08, 2.42875e-08, 4.582e-08, 7.2625e-08, 1.0445e-07, 1.40675e-07, 1.80225e-07, 2.256e-07, 2.73975e-07, 3.24575e-07, 3.76125e-07, 4.337e-07, 4.84625e-07, 5.475e-07, 6.0675e-07, 6.635e-07, 7.1625e-07, 7.7475e-07, 8.3775e-07, 9e-07, 9.7125e-07, 1.031e-06
(U2,5,6),tprog=0.0002,Gprog, 1.04025e-06, 8.31e-07, 6.85e-07, 5.5775e-07, 4.5545e-07, 3.71925e-07, 3.1045e-07, 2.5405e-07, 2.1015e-07, 1.73925e-07, 1.40975e-07, 1.1315e-07, 9.045e-08, 7.295e-08, 5.77e-08, 4.78375e-08, 3.85975e-08, 3.04e-08, 2.43125e-08, 2.002e-08, 1.62575e-08, 1.2565e-08, 9.905e-09, 7.9225e-09, 6.1225e-09, 5.0325e-09, 4.113e-09, 3.35675e-09, 2.60175e-09, 2.11975e-09, 1.766e-09, 1.454e-09, 1.182e-09, 9.775e-10
(U2,5,6),terase=0.0001,Gerase, 9.6575e-10, 4.2535e-09, 1.3475e-08, 3.056e-08, 5.595e-08, 9.46e-08, 1.41275e-07, 1.982e-07, 2.73575e-07, 3.403e-07, 4.21225e-07, 4.97125e-07, 5.94e-07, 7.0475e-07, 8.105e-07, 9.01e-07, 1.02325e-06
(U2,5,7),tprog=0.0002,Gprog, 1.065e-06, 9.2425e-07, 7.975e-07, 7.0025e-07, 6.07e-07, 5.2825e-07, 4.69975e-07, 4.0935e-07, 3.563e-07, 3.136e-07, 2.671e-07, 2.30325e-07, 1.95975e-07, 1.69075e-07, 1.45225e-07, 1.276e-07, 1.0985e-07, 9.4975e-08, 7.97e-08, 6.86e-08, 5.8075e-08, 4.85725e-08, 3.99925e-08, 3.3245e-08, 2.7515e-08, 2.25975e-08, 1.825e-08, 1.516e-08, 1.25525e-08, 1.0375e-08, 8.795e-09, 7.0825e-09, 5.9625e-09, 5.0225e-09, 4.09025e-09, 3.29675e-09, 2.7805e-09, 2.32475e-09, 1.9535e-09, 1.66025e-09, 1.37825e-09, 1.21775e-09, 1.002e-09, 8.785e-10
(U2,5,7),terase=0.0001,Gerase, 8.6775e-10, 3.975e-09, 1.1195e-08, 2.37725e-08, 4.489e-08, 7.04e-08, 1.02e-07, 1.4445e-07, 1.8735e-07, 2.4105e-07, 2.9675e-07, 3.63925e-07, 4.194e-07, 4.83725e-07, 5.5275e-07, 6.15e-07, 6.815e-07, 7.64e-07, 8.45e-07, 9.2525e-07, 1.006e-06
(U2,5,8),tprog=0.0002,Gprog, 1.05575e-06, 8.83e-07, 7.46e-07, 6.2025e-07, 5.305e-07, 4.523e-07, 3.894e-07, 3.26325e-07, 2.75125e-07, 2.41575e-07, 2.0825e-07, 1.746e-07, 1.48225e-07, 1.2615e-07, 1.042e-07, 8.72e-08, 7.2925e-08, 6.0975e-08, 4.93675e-08, 4.08725e-08, 3.33e-08, 2.71925e-08, 2.257e-08, 1.75875e-08, 1.4195e-08, 1.17125e-08, 9.3975e-09, 7.25e-09, 6.03e-09, 4.9875e-09, 3.98025e-09, 3.12825e-09, 2.52675e-09, 1.96475e-09, 1.6745e-09, 1.332e-09, 1.14575e-09, 9.255e-10
(U2,5,8),terase=0.0001,Gerase, 8.99e-10, 3.7965e-09, 1.08225e-08, 2.19675e-08, 4.00025e-08, 6.45e-08, 9.115e-08, 1.20475e-07, 1.54275e-07, 1.88575e-07, 2.259e-07, 2.67e-07, 3.07225e-07, 3.4895e-07, 3.97425e-07, 4.47225e-07, 5.1e-07, 5.715e-07, 6.2575e-07, 6.895e-07, 7.4525e-07, 8.085e-07, 8.5925e-07, 9.2525e-07, 9.9375e-07, 1.0615e-06
(U2,5,9),tprog=0.0002,Gprog, 1.062e-06, 9.0725e-07, 7.72e-07, 6.675e-07, 5.74e-07, 4.9505e-07, 4.37325e-07, 3.729e-07, 3.23225e-07, 2.79825e-07, 2.44525e-07, 2.12725e-07, 1.82275e-07, 1.53225e-07, 1.31575e-07, 1.1525e-07, 1.00275e-07, 8.6475e-08, 7.38e-08, 6.315e-08, 5.4375e-08, 4.565e-08, 3.8885e-08, 3.30875e-08, 2.82575e-08, 2.355e-08, 2.02e-08, 1.6885e-08, 1.43625e-08, 1.2115e-08, 1.042e-08, 8.9075e-09, 7.375e-09, 6.1875e-09, 5.4425e-09, 4.50775e-09, 3.7375e-09, 3.16075e-09, 2.66875e-09, 2.265e-09, 1.9165e-09, 1.65e-09, 1.45725e-09, 1.26225e-09, 1.07675e-09, 9.3925e-10
(U2,5,9),terase=0.0001,Gerase, 9.3475e-10, 4.17325e-09, 1.16275e-08, 2.2455e-08, 4.1875e-08, 6.8075e-08, 1.04325e-07, 1.50225e-07, 2.0155e-07, 2.537e-07, 3.0225e-07, 3.6755e-07, 4.30375e-07, 5.0375e-07, 5.75e-07, 6.4975e-07, 7.2275e-07, 7.91e-07, 8.65e-07, 9.305e-07, 9.9775e-07, 1.071e-06
(U2,5,10),tprog=0.0002,Gprog, 1.0185e-06, 7.7325e-07, 6.2525e-07, 4.80475e-07, 3.813e-07, 2.932e-07, 2.31925e-07, 1.77725e-07, 1.34875e-07, 1.033e-07, 8.0975e-08, 6.0125e-08, 4.525e-08, 3.52175e-08, 2.636e-08, 2.07425e-08, 1.5455e-08, 1.164e-08, 8.905e-09, 6.3075e-09, 4.77025e-09, 3.43725e-09, 2.595e-09, 1.959e-09, 1.43775e-09, 1.1055e-09, 8.2825e-10
(U2,5,10),terase=0.0001,Gerase, 8.355e-10, 1.8715e-09, 3.7115e-09, 6.385e-09, 1.0495e-08, 1.534e-08, 2.303e-08, 3.27025e-08, 4.407e-08, 5.765e-08, 7.285e-08, 8.8475e-08, 1.0715e-07, 1.28075e-07, 1.52625e-07, 1.76925e-07, 1.98e-07, 2.2015e-07, 2.46225e-07, 2.78575e-07, 3.0055e-07, 3.33025e-07, 3.68825e-07, 3.96825e-07, 4.23925e-07, 4.5935e-07, 4.908e-07, 5.2775e-07, 5.625e-07, 5.995e-07, 6.415e-07, 6.8e-07, 7.2475e-07, 7.655e-07, 8.155e-07, 8.4725e-07, 8.8975e-07, 9.27e-07, 9.645e-07, 1.01e-06
(U2,5,11),tprog=0.0002,Gprog, 1.06725e-06, 8.9175e-07, 7.255e-07, 5.9175e-07, 4.797e-07, 4.184e-07, 3.5615e-07, 2.87825e-07, 2.33675e-07, 1.896e-07, 1.58025e-07, 1.298e-07, 1.083e-07, 8.79e-08, 7.0475e-08, 5.7275e-08, 4.4935e-08, 3.709e-08, 2.81425e-08, 2.258e-08, 1.78125e-08, 1.47925e-08, 1.188e-08, 9.1125e-09, 7.29e-09, 5.925e-09, 4.76725e-09, 3.8685e-09, 2.9675e-09, 2.32375e-09, 1.89325e-09, 1.6025e-09, 1.3045e-09, 1.03075e-09, 8.3725e-10
(U2,5,11),terase=0.0001,Gerase, 8.61e-10, 2.79025e-09, 6.07e-09, 1.16e-08, 2.03575e-08, 3.09875e-08, 4.08475e-08, 6.1375e-08, 8.4375e-08, 1.09875e-07, 1.39e-07, 1.60675e-07, 2.06875e-07, 2.458e-07, 2.88325e-07, 3.32925e-07, 3.756e-07, 4.33475e-07, 4.79225e-07, 5.1725e-07, 5.535e-07, 5.9925e-07, 6.385e-07, 6.905e-07, 7.43e-07, 7.9325e-07, 8.555e-07, 9.0875e-07, 9.555e-07, 1.024e-06
(U2,6,0),tprog=0.0002,Gprog, 1.0045e-06, 8.445e-07, 7.2375e-07, 6.2775e-07, 5.43e-07, 4.59225e-07, 4.084e-07, 3.56025e-07, 3.1085e-07, 2.72275e-07, 2.3055e-07, 2.0365e-07, 1.753e-07, 1.52e-07, 1.3135e-07, 1.101e-07, 9.41e-08, 8.165e-08, 6.9375e-08, 5.9175e-08, 5.055e-08, 4.373e-08, 3.65075e-08, 3.1595e-08, 2.61125e-08, 2.23675e-08, 1.92025e-08, 1.686e-08, 1.384e-08, 1.183e-08, 1.05175e-08, 8.785e-09, 6.83e-09, 5.845e-09, 4.92e-09, 4.291e-09, 3.7545e-09, 3.1035e-09, 2.7965e-09, 2.57025e-09, 2.1645e-09, 1.784e-09, 1.524e-09, 1.277e-09, 1.19e-09, 9.58e-10
(U2,6,0),terase=0.0001,Gerase, 1.02075e-09, 4.012e-09, 1.04275e-08, 2.10825e-08, 3.8975e-08, 5.7825e-08, 8.2375e-08, 1.115e-07, 1.419e-07, 1.865e-07, 2.13625e-07, 2.53725e-07, 2.88575e-07, 3.36825e-07, 3.76775e-07, 4.241e-07, 4.84825e-07, 5.4425e-07, 5.92e-07, 6.47e-07, 7.065e-07, 7.68e-07, 8.2e-07, 8.7375e-07, 9.425e-07, 1.04275e-06
(U2,6,1),tprog=0.0002,Gprog, 1.07725e-06, 9.0675e-07, 7.94e-07, 7.06e-07, 6.0775e-07, 5.335e-07, 4.71025e-07, 4.154e-07, 3.6345e-07, 3.19e-07, 2.7995e-07, 2.4505e-07, 2.08425e-07, 1.80875e-07, 1.5835e-07, 1.3825e-07, 1.20275e-07, 1.0565e-07, 9.15e-08, 7.93e-08, 6.78e-08, 5.8575e-08, 4.95775e-08, 4.30275e-08, 3.728e-08, 3.16275e-08, 2.7315e-08, 2.43075e-08, 2.04325e-08, 1.72825e-08, 1.4345e-08, 1.231e-08, 1.04125e-08, 8.4325e-09, 7.11e-09, 5.975e-09, 5.265e-09, 4.37425e-09, 3.85725e-09, 3.198e-09, 2.6815e-09, 2.22075e-09, 1.88975e-09, 1.5855e-09, 1.31275e-09, 1.188e-09, 1.008e-09, 8.7575e-10
(U2,6,1),terase=0.0001,Gerase, 8.7475e-10, 4.57625e-09, 1.281e-08, 2.645e-08, 4.8255e-08, 7.57e-08, 1.0385e-07, 1.44675e-07, 1.8755e-07, 2.313e-07, 2.78e-07, 3.359e-07, 3.87675e-07, 4.5115e-07, 5.2025e-07, 5.8925e-07, 6.59e-07, 7.305e-07, 7.9025e-07, 8.8e-07, 9.5875e-07, 1.02525e-06
(U2,6,2),tprog=0.0002,Gprog, 1.099e-06, 8.8625e-07, 7.325e-07, 6.035e-07, 4.9355e-07, 4.1065e-07, 3.473e-07, 2.81125e-07, 2.3245e-07, 1.896e-07, 1.55875e-07, 1.21775e-07, 9.8975e-08, 7.8525e-08, 6.285e-08, 5.0975e-08, 4.29475e-08, 3.39375e-08, 2.68125e-08, 2.1655e-08, 1.815e-08, 1.391e-08, 1.0845e-08, 8.715e-09, 6.885e-09, 5.2975e-09, 4.24025e-09, 3.51975e-09, 2.9e-09, 2.426e-09, 1.948e-09, 1.61425e-09, 1.337e-09, 1.10575e-09, 8.9175e-10
(U2,6,2),terase=0.0001,Gerase, 8.95e-10, 3.691e-09, 9.265e-09, 1.92475e-08, 3.47825e-08, 5.9725e-08, 9.2525e-08, 1.3035e-07, 1.7035e-07, 2.13675e-07, 2.75475e-07, 3.34875e-07, 3.9385e-07, 4.51425e-07, 5.2425e-07, 5.9125e-07, 6.58e-07, 7.3375e-07, 8.085e-07, 8.88e-07, 9.5375e-07, 1.0355e-06
(U2,6,3),tprog=0.0002,Gprog, 1.06575e-06, 9.2025e-07, 8.06e-07, 7.1e-07, 6.2175e-07, 5.53e-07, 4.85825e-07, 4.213e-07, 3.7785e-07, 3.22425e-07, 2.8375e-07, 2.42625e-07, 2.10925e-07, 1.819e-07, 1.5755e-07, 1.332e-07, 1.145e-07, 1.01275e-07, 8.5325e-08, 7.1525e-08, 6.065e-08, 5.0275e-08, 4.226e-08, 3.49175e-08, 2.92775e-08, 2.449e-08, 2.08475e-08, 1.7275e-08, 1.48275e-08, 1.2475e-08, 1.04275e-08, 8.97e-09, 7.41e-09, 6.3575e-09, 5.5e-09, 4.64675e-09, 3.98525e-09, 3.38925e-09, 2.866e-09, 2.4405e-09, 2.0875e-09, 1.77425e-09, 1.4845e-09, 1.2515e-09, 1.053e-09, 8.9025e-10
(U2,6,3),terase=0.0001,Gerase, 8.875e-10, 8.275e-09, 2.58375e-08, 6.365e-08, 1.1655e-07, 1.81625e-07, 2.54925e-07, 3.38475e-07, 4.34175e-07, 5.1225e-07, 6.1275e-07, 7.1125e-07, 7.975e-07, 8.9575e-07, 1.0005e-06
(U2,6,4),tprog=0.0002,Gprog, 1.0825e-06, 8.6675e-07, 6.96e-07, 5.6925e-07, 4.67675e-07, 3.864e-07, 3.138e-07, 2.571e-07, 2.03875e-07, 1.6465e-07, 1.321e-07, 1.03775e-07, 8.3275e-08, 6.7275e-08, 5.1875e-08, 4.2105e-08, 3.3305e-08, 2.61525e-08, 2.11225e-08, 1.61725e-08, 1.27275e-08, 1.03275e-08, 8.3425e-09, 6.715e-09, 5.3225e-09, 4.2025e-09, 3.382e-09, 2.71575e-09, 2.212e-09, 1.7015e-09, 1.4515e-09, 1.143e-09, 9.73e-10
(U2,6,4),terase=0.0001,Gerase, 9.75e-10, 3.097e-09, 7.0175e-09, 1.28775e-08, 2.129e-08, 3.23e-08, 4.844e-08, 6.6725e-08, 8.8275e-08, 1.12425e-07, 1.37275e-07, 1.6385e-07, 1.96025e-07, 2.25525e-07, 2.615e-07, 2.908e-07, 3.30075e-07, 3.74125e-07, 4.11275e-07, 4.573e-07, 4.898e-07, 5.31e-07, 5.7275e-07, 6.21e-07, 6.595e-07, 7.1025e-07, 7.445e-07, 8.0925e-07, 8.49e-07, 8.88e-07, 9.385e-07, 9.8325e-07, 1.02875e-06
(U2,6,5),tprog=0.0002,Gprog, 1.1075e-06, 9.23e-07, 7.755e-07, 6.56e-07, 5.6425e-07, 4.7575e-07, 4.00725e-07, 3.45025e-07, 2.84325e-07, 2.3865e-07, 2.0155e-07, 1.6765e-07, 1.39375e-07, 1.16725e-07, 9.5425e-08, 7.8925e-08, 6.3125e-08, 5.14e-08, 4.12025e-08, 3.3815e-08, 2.81e-08, 2.27725e-08, 1.8705e-08, 1.53975e-08, 1.258e-08, 1.03225e-08, 8.3175e-09, 6.765e-09, 5.5225e-09, 4.50275e-09, 3.56825e-09, 2.883e-09, 2.37375e-09, 2.006e-09, 1.689e-09, 1.34975e-09, 1.14025e-09, 9.215e-10
(U2,6,5),terase=0.0001,Gerase, 9.1e-10, 5.3975e-09, 1.59325e-08, 3.28175e-08, 5.86e-08, 9.9775e-08, 1.3625e-07, 1.92575e-07, 2.5105e-07, 3.1075e-07, 3.7275e-07, 4.3615e-07, 5.095e-07, 5.825e-07, 6.555e-07, 7.37e-07, 8.22e-07, 8.9925e-07, 9.8925e-07, 1.0695e-06
(U2,6,6),tprog=0.0002,Gprog, 1.09675e-06, 8.865e-07, 7.2575e-07, 5.835e-07, 4.672e-07, 3.765e-07, 3.05275e-07, 2.48425e-07, 2.0955e-07, 1.72e-07, 1.361e-07, 1.11925e-07, 9.025e-08, 7.1025e-08, 5.65e-08, 4.467e-08, 3.311e-08, 2.61125e-08, 2.0065e-08, 1.52075e-08, 1.1695e-08, 8.865e-09, 7.0525e-09, 5.2425e-09, 4.00075e-09, 3.0575e-09, 2.31975e-09, 1.753e-09, 1.41325e-09, 1.12925e-09, 9.245e-10
(U2,6,6),terase=0.0001,Gerase, 9.22e-10, 2.88675e-09, 7.16e-09, 1.5005e-08, 2.57275e-08, 4.0765e-08, 6.0175e-08, 8.6925e-08, 1.14425e-07, 1.48775e-07, 1.92375e-07, 2.341e-07, 2.88575e-07, 3.4135e-07, 4.00075e-07, 4.50725e-07, 5.0225e-07, 5.595e-07, 6.24e-07, 6.87e-07, 7.42e-07, 8.0975e-07, 8.865e-07, 9.5825e-07, 1.01875e-06
(U2,6,7),tprog=0.0002,Gprog, 1.0785e-06, 8.48e-07, 6.7275e-07, 5.395e-07, 4.28425e-07, 3.475e-07, 2.7825e-07, 2.16325e-07, 1.73725e-07, 1.362e-07, 1.08025e-07, 8.65e-08, 6.9325e-08, 5.27e-08, 4.1405e-08, 3.13325e-08, 2.41675e-08, 1.8135e-08, 1.34925e-08, 9.6825e-09, 7.395e-09, 5.6275e-09, 4.14175e-09, 3.018e-09, 2.43175e-09, 1.878e-09, 1.538e-09, 1.21625e-09, 9.3175e-10
(U2,6,7),terase=0.0001,Gerase, 9.495e-10, 3.25175e-09, 7.4825e-09, 1.37875e-08, 2.37525e-08, 3.6525e-08, 5.325e-08, 7.1425e-08, 9.46e-08, 1.21175e-07, 1.5315e-07, 1.8665e-07, 2.19625e-07, 2.65325e-07, 3.10175e-07, 3.49075e-07, 3.9295e-07, 4.384e-07, 4.86125e-07, 5.325e-07, 5.81e-07, 6.335e-07, 6.72e-07, 7.2325e-07, 7.7225e-07, 8.28e-07, 8.83e-07, 9.3525e-07, 9.925e-07, 1.052e-06
(U2,6,8),tprog=0.0002,Gprog, 1.01875e-06, 8.515e-07, 7.1475e-07, 5.93e-07, 5.0225e-07, 4.11975e-07, 3.4705e-07, 2.8825e-07, 2.34125e-07, 1.921e-07, 1.54025e-07, 1.25675e-07, 1.034e-07, 8.1425e-08, 6.685e-08, 5.37e-08, 4.24125e-08, 3.35975e-08, 2.779e-08, 2.238e-08, 1.82325e-08, 1.39625e-08, 1.13625e-08, 8.9275e-09, 7.06e-09, 5.6475e-09, 4.75175e-09, 3.82875e-09, 3.23225e-09, 2.7055e-09, 2.12575e-09, 1.728e-09, 1.44375e-09, 1.1755e-09, 9.4675e-10
(U2,6,8),terase=0.0001,Gerase, 9.3875e-10, 2.463e-09, 4.925e-09, 9.4025e-09, 1.55175e-08, 2.49475e-08, 3.76475e-08, 5.2825e-08, 7.0525e-08, 9.6875e-08, 1.23325e-07, 1.52375e-07, 1.7345e-07, 2.0445e-07, 2.36125e-07, 2.72675e-07, 3.11825e-07, 3.514e-07, 3.886e-07, 4.41925e-07, 4.81825e-07, 5.2775e-07, 5.77e-07, 6.2525e-07, 6.6725e-07, 7.0975e-07, 7.64e-07, 8.035e-07, 8.54e-07, 9.025e-07, 9.515e-07, 9.9625e-07, 1.05275e-06
(U2,6,9),tprog=0.0002,Gprog, 1.07625e-06, 8.93e-07, 7.83e-07, 6.73e-07, 5.8175e-07, 5.0225e-07, 4.29125e-07, 3.73075e-07, 3.1965e-07, 2.78275e-07, 2.3845e-07, 2.122e-07, 1.82625e-07, 1.5775e-07, 1.3755e-07, 1.15625e-07, 9.9775e-08, 8.42e-08, 7.06e-08, 6.215e-08, 5.28e-08, 4.39925e-08, 3.64675e-08, 3.0415e-08, 2.62075e-08, 2.1665e-08, 1.83525e-08, 1.60175e-08, 1.30825e-08, 1.1375e-08, 9.7925e-09, 8.1425e-09, 6.955e-09, 5.815e-09, 4.946e-09, 4.0155e-09, 3.43225e-09, 2.93775e-09, 2.48175e-09, 2.07925e-09, 1.7625e-09, 1.55125e-09, 1.2905e-09, 1.13075e-09, 9.835e-10
(U2,6,9),terase=0.0001,Gerase, 9.735e-10, 5.655e-09, 1.62375e-08, 3.70775e-08, 6.395e-08, 9.855e-08, 1.4475e-07, 1.9315e-07, 2.4625e-07, 3.0015e-07, 3.75025e-07, 4.55175e-07, 5.325e-07, 6.1375e-07, 7.065e-07, 8.0275e-07, 9.085e-07, 9.8025e-07, 1.07125e-06
(U2,6,10),tprog=0.0002,Gprog, 1.064e-06, 9.075e-07, 7.815e-07, 6.7575e-07, 5.7575e-07, 5.015e-07, 4.20975e-07, 3.67125e-07, 3.13225e-07, 2.6655e-07, 2.24625e-07, 1.87275e-07, 1.57425e-07, 1.31025e-07, 1.118e-07, 9.21e-08, 7.4275e-08, 6.235e-08, 5.0375e-08, 4.22e-08, 3.5585e-08, 3.01025e-08, 2.52925e-08, 2.05875e-08, 1.66225e-08, 1.32e-08, 1.09025e-08, 8.9575e-09, 7.31e-09, 5.9225e-09, 4.9375e-09, 4.151e-09, 3.3755e-09, 2.883e-09, 2.3545e-09, 1.98375e-09, 1.63475e-09, 1.37625e-09, 1.127e-09, 9.25e-10
(U2,6,10),terase=0.0001,Gerase, 9.6275e-10, 4.00825e-09, 1.15825e-08, 2.5845e-08, 4.66225e-08, 6.8225e-08, 1.00125e-07, 1.38275e-07, 1.88425e-07, 2.5075e-07, 3.089e-07, 3.775e-07, 4.45475e-07, 5.1975e-07, 5.9475e-07, 6.9e-07, 7.59e-07, 8.4975e-07, 9.42e-07, 1.01825e-06
(U2,6,11),tprog=0.0002,Gprog, 1.0375e-06, 8.225e-07, 6.6425e-07, 5.2875e-07, 4.20975e-07, 3.264e-07, 2.5615e-07, 2.011e-07, 1.57975e-07, 1.24375e-07, 9.2525e-08, 6.9475e-08, 5.455e-08, 3.937e-08, 2.98875e-08, 2.05e-08, 1.49925e-08, 1.06725e-08, 7.9725e-09, 5.7175e-09, 4.11325e-09, 3.10425e-09, 2.304e-09, 1.676e-09, 1.22725e-09, 9.7425e-10
(U2,6,11),terase=0.0001,Gerase, 9.5525e-10, 3.338e-09, 7.2825e-09, 1.39875e-08, 2.557e-08, 3.9255e-08, 5.99e-08, 8.1775e-08, 1.052e-07, 1.33125e-07, 1.63575e-07, 1.99925e-07, 2.37125e-07, 2.8e-07, 3.17025e-07, 3.583e-07, 4.02775e-07, 4.44925e-07, 4.9015e-07, 5.3875e-07, 5.81e-07, 6.2875e-07, 6.78e-07, 7.1975e-07, 7.7325e-07, 8.19e-07, 8.6425e-07, 9.0325e-07, 9.465e-07, 9.9625e-07, 1.04175e-06
(U2,7,0),tprog=0.0002,Gprog, 1.0935e-06, 8.84e-07, 7.325e-07, 6.08e-07, 5.0325e-07, 4.1315e-07, 3.39e-07, 2.81775e-07, 2.3055e-07, 1.86575e-07, 1.4755e-07, 1.152e-07, 9.2e-08, 7.5e-08, 5.81e-08, 4.53425e-08, 3.76375e-08, 2.9565e-08, 2.2585e-08, 1.693e-08, 1.34525e-08, 1.04025e-08, 8.12e-09, 6.31e-09, 4.807e-09, 3.927e-09, 3.01525e-09, 2.50875e-09, 1.99775e-09, 1.5685e-09, 1.2775e-09, 1.05e-09, 8.455e-10
(U2,7,0),terase=0.0001,Gerase, 8.07e-10, 5.705e-09, 1.98325e-08, 4.87675e-08, 8.985e-08, 1.4735e-07, 2.104e-07, 2.8695e-07, 3.74925e-07, 4.7895e-07, 6.05e-07, 7.125e-07, 8.1025e-07, 9.105e-07, 1.04275e-06
(U2,7,1),tprog=0.0002,Gprog, 1.03675e-06, 8.8175e-07, 7.63e-07, 6.4675e-07, 5.505e-07, 4.769e-07, 4.07e-07, 3.3665e-07, 2.909e-07, 2.4365e-07, 2.012e-07, 1.746e-07, 1.4525e-07, 1.22875e-07, 1.05075e-07, 8.785e-08, 7.215e-08, 6.0875e-08, 5.036e-08, 4.1405e-08, 3.4735e-08, 2.86175e-08, 2.3455e-08, 1.96225e-08, 1.6455e-08, 1.27775e-08, 1.07525e-08, 8.625e-09, 7.26e-09, 5.9975e-09, 4.8655e-09, 3.8145e-09, 3.21625e-09, 2.71225e-09, 2.294e-09, 1.873e-09, 1.57775e-09, 1.29e-09, 1.07425e-09, 9.29e-10
(U2,7,1),terase=0.0001,Gerase, 9.135e-10, 7.485e-09, 2.4285e-08, 5.2575e-08, 9.21e-08, 1.41975e-07, 2.082e-07, 2.66875e-07, 3.4615e-07, 4.27025e-07, 5.1925e-07, 6.045e-07, 7.03e-07, 7.92e-07, 8.8875e-07, 9.985e-07, 1.0905e-06
(U2,7,2),tprog=0.0002,Gprog, 1.0835e-06, 9.2725e-07, 8.0575e-07, 6.93e-07, 5.965e-07, 5.1525e-07, 4.51775e-07, 3.998e-07, 3.5545e-07, 3.067e-07, 2.64e-07, 2.35175e-07, 2.0505e-07, 1.80025e-07, 1.58375e-07, 1.39725e-07, 1.214e-07, 1.054e-07, 9.3525e-08, 8.26e-08, 7.165e-08, 6.2925e-08, 5.42e-08, 4.702e-08, 4.075e-08, 3.64325e-08, 3.175e-08, 2.69825e-08, 2.39375e-08, 2.08675e-08, 1.77425e-08, 1.54475e-08, 1.31075e-08, 1.16625e-08, 1.011e-08, 8.4225e-09, 7.22e-09, 6.3525e-09, 5.53e-09, 4.649e-09, 4.0215e-09, 3.44675e-09, 2.97625e-09, 2.5225e-09, 2.235e-09, 1.99075e-09, 1.70825e-09, 1.512e-09, 1.298e-09, 1.12675e-09, 9.99e-10
(U2,7,2),terase=0.0001,Gerase, 9.72e-10, 6.355e-09, 2.09675e-08, 4.4675e-08, 7.735e-08, 1.25575e-07, 1.7615e-07, 2.29425e-07, 2.87725e-07, 3.64575e-07, 4.36475e-07, 5.1e-07, 5.8875e-07, 6.73e-07, 7.64e-07, 8.505e-07, 9.54e-07, 1.038e-06
(U2,7,3),tprog=0.0002,Gprog, 1.05775e-06, 8.625e-07, 7.005e-07, 5.62e-07, 4.62625e-07, 3.67775e-07, 2.8555e-07, 2.2695e-07, 1.814e-07, 1.4505e-07, 1.18225e-07, 9.495e-08, 7.725e-08, 6.1225e-08, 4.9525e-08, 3.95175e-08, 3.18575e-08, 2.50125e-08, 1.9125e-08, 1.517e-08, 1.20275e-08, 9.4e-09, 7.4275e-09, 5.6775e-09, 4.527e-09, 3.538e-09, 2.70775e-09, 2.142e-09, 1.7135e-09, 1.3675e-09, 1.08825e-09, 8.655e-10
(U2,7,3),terase=0.0001,Gerase, 8.295e-10, 3.06e-09, 7.1825e-09, 1.3365e-08, 2.3015e-08, 3.5475e-08, 4.82825e-08, 6.4675e-08, 8.275e-08, 1.08475e-07, 1.33775e-07, 1.59725e-07, 1.84075e-07, 2.152e-07, 2.417e-07, 2.75625e-07, 3.07975e-07, 3.50075e-07, 3.8915e-07, 4.30125e-07, 4.711e-07, 5.105e-07, 5.42e-07, 5.935e-07, 6.365e-07, 6.8675e-07, 7.335e-07, 7.7675e-07, 8.3275e-07, 8.605e-07, 8.9775e-07, 9.635e-07, 1.018e-06
(U2,7,4),tprog=0.0002,Gprog, 1.10125e-06, 8.995e-07, 7.4825e-07, 6.2875e-07, 5.2475e-07, 4.40925e-07, 3.70375e-07, 3.10375e-07, 2.6565e-07, 2.22225e-07, 1.8595e-07, 1.58875e-07, 1.34075e-07, 1.10875e-07, 8.8675e-08, 7.41e-08, 6.1e-08, 5.0375e-08, 3.9835e-08, 3.24e-08, 2.64525e-08, 2.0535e-08, 1.64325e-08, 1.323e-08, 1.05575e-08, 8.2975e-09, 7e-09, 5.79e-09, 4.676e-09, 3.8105e-09, 3.05175e-09, 2.509e-09, 2.06925e-09, 1.69675e-09, 1.3615e-09, 1.179e-09, 9.1775e-10
(U2,7,4),terase=0.0001,Gerase, 9.0375e-10, 5.2125e-09, 1.71075e-08, 3.747e-08, 7.2275e-08, 1.1745e-07, 1.69925e-07, 2.28025e-07, 3.023e-07, 3.86875e-07, 4.6435e-07, 5.57e-07, 6.5075e-07, 7.4175e-07, 8.5025e-07, 9.4325e-07, 1.0325e-06
(U2,7,5),tprog=0.0002,Gprog, 1.0485e-06, 8.6425e-07, 7.18e-07, 5.9025e-07, 5.0975e-07, 4.25575e-07, 3.654e-07, 3.07025e-07, 2.62725e-07, 2.211e-07, 1.88475e-07, 1.596e-07, 1.32375e-07, 1.06925e-07, 8.7475e-08, 7.1975e-08, 5.9725e-08, 4.94225e-08, 4.09625e-08, 3.3715e-08, 2.8055e-08, 2.2525e-08, 1.81925e-08, 1.4845e-08, 1.1815e-08, 9.9275e-09, 8.13e-09, 6.425e-09, 5.1825e-09, 4.3025e-09, 3.395e-09, 2.78e-09, 2.305e-09, 1.80325e-09, 1.4275e-09, 1.15925e-09, 9.5375e-10
(U2,7,5),terase=0.0001,Gerase, 9.45e-10, 2.90425e-09, 6.6425e-09, 1.27025e-08, 2.1095e-08, 3.38975e-08, 4.83975e-08, 6.2875e-08, 8.1125e-08, 9.9925e-08, 1.2495e-07, 1.49175e-07, 1.758e-07, 2.04275e-07, 2.368e-07, 2.70625e-07, 2.98575e-07, 3.35225e-07, 3.73375e-07, 4.0545e-07, 4.43675e-07, 4.769e-07, 5.1725e-07, 5.46e-07, 5.795e-07, 6.14e-07, 6.5275e-07, 6.9425e-07, 7.2925e-07, 7.7275e-07, 8.1325e-07, 8.5475e-07, 8.9725e-07, 9.4075e-07, 9.83e-07, 1.023e-06
(U2,7,6),tprog=0.0002,Gprog, 1.04775e-06, 8.2425e-07, 6.5475e-07, 5.135e-07, 4.0595e-07, 3.2295e-07, 2.63525e-07, 2.09675e-07, 1.664e-07, 1.301e-07, 1.01075e-07, 7.735e-08, 5.8175e-08, 4.4975e-08, 3.52575e-08, 2.71325e-08, 2.0245e-08, 1.5155e-08, 1.118e-08, 8.6125e-09, 6.4425e-09, 5.255e-09, 4.0115e-09, 3.11825e-09, 2.4185e-09, 1.9075e-09, 1.55075e-09, 1.1645e-09, 9.22e-10
(U2,7,6),terase=0.0001,Gerase, 9.0675e-10, 4.1995e-09, 1.066e-08, 2.34575e-08, 4.3695e-08, 7.31e-08, 1.04775e-07, 1.38725e-07, 1.943e-07, 2.51275e-07, 3.13825e-07, 3.80225e-07, 4.5655e-07, 5.345e-07, 6.085e-07, 6.775e-07, 7.605e-07, 8.41e-07, 9.215e-07, 1.0025e-06
(U2,7,7),tprog=0.0002,Gprog, 1.06925e-06, 8.5325e-07, 6.8375e-07, 5.57e-07, 4.47075e-07, 3.6615e-07, 2.9885e-07, 2.42275e-07, 1.90225e-07, 1.56325e-07, 1.2475e-07, 9.9625e-08, 7.765e-08, 6.1425e-08, 4.828e-08, 3.83025e-08, 3.07e-08, 2.44175e-08, 1.9025e-08, 1.45675e-08, 1.1395e-08, 8.6125e-09, 6.5675e-09, 5.0475e-09, 4.1185e-09, 3.19225e-09, 2.43225e-09, 1.86625e-09, 1.47125e-09, 1.167e-09, 9.24e-10
(U2,7,7),terase=0.0001,Gerase, 8.97e-10, 4.71675e-09, 1.32525e-08, 2.69975e-08, 4.54625e-08, 7.1025e-08, 1.0745e-07, 1.4975e-07, 1.962e-07, 2.53625e-07, 3.08275e-07, 3.613e-07, 4.1765e-07, 4.86675e-07, 5.48e-07, 6.1725e-07, 6.7625e-07, 7.3775e-07, 7.985e-07, 8.605e-07, 9.4825e-07, 1.024e-06
(U2,7,8),tprog=0.0002,Gprog, 1.05425e-06, 8.745e-07, 7.3325e-07, 6.1075e-07, 5.0375e-07, 4.2175e-07, 3.529e-07, 2.89125e-07, 2.46775e-07, 2.042e-07, 1.65225e-07, 1.3765e-07, 1.137e-07, 9e-08, 7.455e-08, 5.98e-08, 4.94475e-08, 4.09025e-08, 3.371e-08, 2.59675e-08, 2.01075e-08, 1.57275e-08, 1.3025e-08, 1.0495e-08, 8.655e-09, 7.195e-09, 5.775e-09, 4.81025e-09, 3.95975e-09, 3.3215e-09, 2.69125e-09, 2.23225e-09, 1.91775e-09, 1.574e-09, 1.29325e-09, 9.9875e-10
(U2,7,8),terase=0.0001,Gerase, 9.93e-10, 3.88425e-09, 9.4825e-09, 2.0435e-08, 3.608e-08, 5.9725e-08, 8.895e-08, 1.206e-07, 1.5665e-07, 1.942e-07, 2.371e-07, 2.82675e-07, 3.442e-07, 3.93975e-07, 4.473e-07, 5.0875e-07, 5.695e-07, 6.305e-07, 6.95e-07, 7.5275e-07, 8.015e-07, 8.5825e-07, 9.3475e-07, 9.805e-07, 1.0565e-06
(U2,7,9),tprog=0.0002,Gprog, 1.058e-06, 8.14e-07, 6.4675e-07, 5.0325e-07, 4.04375e-07, 3.299e-07, 2.56225e-07, 2.05125e-07, 1.603e-07, 1.214e-07, 9.62e-08, 7.2325e-08, 5.4125e-08, 4.2365e-08, 3.19225e-08, 2.3565e-08, 1.7815e-08, 1.258e-08, 9.405e-09, 6.6475e-09, 4.79675e-09, 3.6025e-09, 2.66575e-09, 1.97825e-09, 1.5295e-09, 1.1095e-09, 8.6375e-10
(U2,7,9),terase=0.0001,Gerase, 8.39e-10, 2.5325e-09, 5.37e-09, 1.07375e-08, 1.715e-08, 2.56075e-08, 3.77975e-08, 4.72625e-08, 6.19e-08, 8.3725e-08, 1.0565e-07, 1.32525e-07, 1.57725e-07, 1.8905e-07, 2.18325e-07, 2.52775e-07, 2.81425e-07, 3.271e-07, 3.638e-07, 4.06675e-07, 4.54125e-07, 4.876e-07, 5.3375e-07, 5.86e-07, 6.2075e-07, 6.6275e-07, 7.18e-07, 7.5625e-07, 8.0175e-07, 8.56e-07, 9.05e-07, 9.4975e-07, 1.0015e-06
(U2,7,10),tprog=0.0002,Gprog, 1.0495e-06, 8.4e-07, 6.7125e-07, 5.255e-07, 4.3005e-07, 3.385e-07, 2.69525e-07, 2.11375e-07, 1.739e-07, 1.41525e-07, 1.1045e-07, 8.6375e-08, 6.91e-08, 5.4e-08, 4.0855e-08, 3.245e-08, 2.4455e-08, 1.91275e-08, 1.48425e-08, 1.14175e-08, 8.4475e-09, 6.44e-09, 4.728e-09, 3.664e-09, 2.77925e-09, 2.07575e-09, 1.61325e-09, 1.20725e-09, 9.1175e-10
(U2,7,10),terase=0.0001,Gerase, 8.985e-10, 3.135e-09, 6.75e-09, 1.34675e-08, 2.2945e-08, 3.48575e-08, 5.155e-08, 6.8825e-08, 9.045e-08, 1.128e-07, 1.379e-07, 1.626e-07, 1.96025e-07, 2.318e-07, 2.68025e-07, 3.0815e-07, 3.565e-07, 3.958e-07, 4.40525e-07, 4.89025e-07, 5.37e-07, 5.8225e-07, 6.2375e-07, 6.7375e-07, 7.1625e-07, 7.71e-07, 8.2075e-07, 8.815e-07, 9.345e-07, 9.9525e-07, 1.04575e-06
(U2,7,11),tprog=0.0002,Gprog, 1.11225e-06, 8.3325e-07, 6.1825e-07, 4.56625e-07, 3.41275e-07, 2.5115e-07, 1.746e-07, 1.2575e-07, 8.375e-08, 5.865e-08, 3.97775e-08, 2.84175e-08, 1.89475e-08, 1.32125e-08, 9.395e-09, 6.17e-09, 4.4025e-09, 2.93625e-09, 2.11075e-09, 1.52325e-09, 1.1555e-09, 8.035e-10
(U2,7,11),terase=0.0001,Gerase, 7.7825e-10, 2.737e-09, 6.4125e-09, 1.516e-08, 2.94225e-08, 5.02e-08, 7.7225e-08, 1.01175e-07, 1.3815e-07, 1.903e-07, 2.36975e-07, 2.91825e-07, 3.56675e-07, 4.14975e-07, 4.75175e-07, 5.4075e-07, 5.99e-07, 6.515e-07, 7.1425e-07, 7.8925e-07, 8.5675e-07, 9.2425e-07, 9.91e-07, 1.049e-06
